598, 1381, 1618, 1639, 1550, 1639, 1500, 1428, 1393, 1464, 1368, 1383, 1639, 1626, 1360, 1454, 1360, 1582, 1396
646, 1385, 1620, 1639, 1546, 1639, 1503, 1438, 1388, 1467, 1366, 1389, 1639, 1627, 1360, 1465, 1360, 1585, 1401
695, 1389, 1621, 1639, 1542, 1639, 1507, 1449, 1383, 1471, 1365, 1397, 1639, 1629, 1360, 1476, 1361, 1588, 1407
743, 1394, 1623, 1639, 1538, 1639, 1511, 1460, 1379, 1475, 1364, 1405, 1638, 1630, 1361, 1488, 1364, 1591, 1413
791, 1400, 1625, 1639, 1535, 1639, 1515, 1471, 1375, 1479, 1363, 1414, 1636, 1631, 1363, 1500, 1367, 1594, 1419
839, 1405, 1627, 1639, 1531, 1638, 1519, 1483, 1372, 1483, 1362, 1424, 1633, 1633, 1365, 1511, 1371, 1596, 1425
888, 1411, 1628, 1639, 1527, 1636, 1523, 1494, 1369, 1486, 1362, 1434, 1629, 1634, 1367, 1523, 1376, 1599, 1432
936, 1417, 1630, 1639, 1523, 1634, 1526, 1506, 1366, 1490, 1361, 1445, 1625, 1635, 1370, 1534, 1382, 1602, 1439
985, 1424, 1631, 1639, 1520, 1632, 1530, 1518, 1364, 1494, 1360, 1456, 1619, 1636, 1373, 1546, 1389, 1604, 1446
1033, 1430, 1632, 1638, 1516, 1629, 1534, 1529, 1362, 1498, 1360, 1467, 1612, 1637, 1376, 1556, 1396, 1607, 1453
1081, 1437, 1634, 1638, 1512, 1626, 1538, 1541, 1361, 1502, 1360, 1478, 1605, 1637, 1380, 1567, 1405, 1609, 1461
1129, 1444, 1635, 1637, 1508, 1623, 1541, 1552, 1360, 1506, 1360, 1490, 1597, 1638, 1384, 1577, 1414, 1612, 1468
1178, 1452, 1636, 1636, 1504, 1619, 1545, 1562, 1360, 1510, 1360, 1502, 1588, 1639, 1389, 1586, 1423, 1614, 1476
1227, 1459, 1636, 1635, 1500, 1615, 1549, 1573, 1360, 1513, 1360, 1513, 1579, 1639, 1394, 1595, 1433, 1616, 1484
1275, 1467, 1637, 1635, 1496, 1610, 1552, 1582, 1360, 1517, 1360, 1525, 1569, 1639, 1399, 1604, 1443, 1618, 1491
1324, 1474, 1638, 1633, 1493, 1605, 1556, 1591, 1361, 1521, 1360, 1536, 1558, 1639, 1405, 1611, 1454, 1620, 1499
1372, 1482, 1638, 1632, 1489, 1600, 1559, 1600, 1362, 1525, 1360, 1548, 1548, 1639, 1410, 1618, 1465, 1622, 1507
1420, 1490, 1639, 1631, 1485, 1594, 1563, 1608, 1363, 1529, 1361, 1558, 1536, 1639, 1417, 1624, 1476, 1624, 1515
1469, 1497, 1639, 1630, 1481, 1589, 1566, 1615, 1365, 1533, 1361, 1569, 1525, 1639, 1423, 1629, 1488, 1626, 1522
1517, 1505, 1639, 1628, 1477, 1582, 1570, 1621, 1368, 1536, 1362, 1579, 1513, 1639, 1430, 1633, 1500, 1627, 1530
1566, 1513, 1639, 1627, 1473, 1576, 1573, 1626, 1371, 1540, 1363, 1588, 1500, 1639, 1436, 1636, 1511, 1629, 1537
1615, 1521, 1639, 1625, 1469, 1569, 1576, 1631, 1374, 1544, 1364, 1597, 1488, 1638, 1443, 1638, 1523, 1630, 1545
1663, 1528, 1639, 1623, 1466, 1563, 1580, 1635, 1377, 1547, 1365, 1605, 1477, 1638, 1450, 1639, 1534, 1632, 1552
1712, 1536, 1639, 1621, 1462, 1555, 1583, 1637, 1381, 1551, 1366, 1612, 1466, 1637, 1458, 1639, 1545, 1633, 1559
1760, 1543, 1639, 1619, 1458, 1548, 1586, 1639, 1386, 1555, 1367, 1619, 1455, 1636, 1465, 1639, 1556, 1634, 1566
1808, 1551, 1638, 1617, 1455, 1541, 1589, 1639, 1390, 1558, 1368, 1625, 1444, 1635, 1473, 1637, 1567, 1635, 1573
1857, 1558, 1638, 1615, 1451, 1533, 1592, 1639, 1395, 1562, 1369, 1629, 1434, 1634, 1480, 1634, 1577, 1636, 1580
1905, 1565, 1637, 1613, 1447, 1526, 1595, 1638, 1401, 1565, 1371, 1633, 1424, 1633, 1488, 1631, 1586, 1637, 1586
1954, 1572, 1637, 1610, 1444, 1518, 1597, 1636, 1406, 1568, 1373, 1636, 1415, 1632, 1500, 1626, 1595, 1637, 1592
2003, 1578, 1636, 1608, 1440, 1510, 1600, 1632, 1412, 1572, 1374, 1638, 1406, 1631, 1507, 1621, 1603, 1638, 1597
2051, 1584, 1635, 1606, 1437, 1500, 1603, 1628, 1418, 1575, 1376, 1639, 1398, 1630, 1514, 1614, 1611, 1639, 1603
2099, 1591, 1634, 1603, 1433, 1491, 1605, 1623, 1425, 1578, 1378, 1639, 1390, 1628, 1521, 1607, 1618, 1639, 1608
2148, 1596, 1633, 1600, 1430, 1483, 1608, 1617, 1431, 1581, 1380, 1638, 1383, 1626, 1528, 1599, 1623, 1639, 1613
2196, 1602, 1631, 1598, 1427, 1475, 1610, 1611, 1438, 1585, 1382, 1637, 1377, 1625, 1535, 1591, 1628, 1639, 1617
2244, 1607, 1630, 1595, 1423, 1467, 1613, 1603, 1445, 1588, 1384, 1634, 1372, 1623, 1542, 1582, 1633, 1639, 1621
2294, 1612, 1628, 1592, 1420, 1459, 1615, 1595, 1452, 1591, 1386, 1630, 1368, 1621, 1548, 1572, 1636, 1639, 1625
2342, 1616, 1627, 1589, 1417, 1451, 1617, 1586, 1460, 1594, 1389, 1625, 1365, 1619, 1555, 1562, 1638, 1639, 1628
2390, 1620, 1625, 1586, 1414, 1443, 1619, 1576, 1467, 1596, 1391, 1620, 1362, 1617, 1562, 1551, 1639, 1639, 1631
2439, 1624, 1623, 1583, 1411, 1436, 1621, 1566, 1475, 1599, 1394, 1613, 1360, 1615, 1568, 1540, 1639, 1639, 1633
2487, 1627, 1622, 1580, 1408, 1429, 1623, 1556, 1482, 1602, 1396, 1606, 1360, 1613, 1574, 1529, 1639, 1638, 1636
2536, 1630, 1620, 1577, 1405, 1422, 1625, 1545, 1490, 1604, 1399, 1598, 1360, 1610, 1580, 1517, 1637, 1638, 1637
2584, 1633, 1618, 1573, 1402, 1415, 1626, 1534, 1500, 1607, 1401, 1589, 1361, 1608, 1586, 1500, 1635, 1637, 1638
2632, 1635, 1615, 1570, 1399, 1409, 1628, 1522, 1507, 1609, 1404, 1580, 1363, 1606, 1591, 1487, 1631, 1636, 1639
2682, 1637, 1613, 1567, 1397, 1403, 1629, 1500, 1515, 1612, 1407, 1570, 1366, 1603, 1597, 1474, 1626, 1635, 1639
2730, 1638, 1611, 1563, 1394, 1397, 1631, 1488, 1522, 1614, 1410, 1560, 1370, 1600, 1602, 1461, 1621, 1634, 1639
2778, 1639, 1609, 1560, 1392, 1391, 1632, 1476, 1530, 1616, 1413, 1549, 1374, 1598, 1606, 1449, 1615, 1633, 1639
2827, 1639, 1606, 1556, 1389, 1386, 1633, 1464, 1537, 1618, 1416, 1538, 1380, 1595, 1611, 1438, 1608, 1632, 1638
2875, 1639, 1604, 1553, 1387, 1382, 1634, 1453, 1545, 1620, 1419, 1526, 1386, 1592, 1615, 1426, 1600, 1631, 1637
2923, 1639, 1601, 1549, 1385, 1377, 1635, 1442, 1552, 1622, 1423, 1515, 1393, 1589, 1619, 1416, 1592, 1629, 1635
2972, 1638, 1598, 1545, 1382, 1374, 1636, 1432, 1559, 1624, 1426, 1500, 1401, 1586, 1622, 1406, 1582, 1628, 1633
3021, 1637, 1595, 1542, 1380, 1370, 1637, 1422, 1566, 1626, 1429, 1488, 1409, 1583, 1626, 1397, 1573, 1626, 1630
3070, 1635, 1593, 1538, 1378, 1367, 1638, 1412, 1572, 1627, 1433, 1478, 1418, 1580, 1629, 1388, 1563, 1625, 1627
3118, 1633, 1590, 1534, 1376, 1365, 1638, 1403, 1579, 1629, 1436, 1467, 1428, 1577, 1631, 1381, 1552, 1623, 1623
3166, 1631, 1587, 1531, 1375, 1363, 1639, 1395, 1585, 1630, 1439, 1456, 1438, 1573, 1633, 1375, 1541, 1621, 1620
3215, 1628, 1584, 1527, 1373, 1361, 1639, 1387, 1591, 1632, 1443, 1446, 1448, 1570, 1635, 1369, 1530, 1619, 1615
3263, 1624, 1580, 1523, 1371, 1360, 1639, 1381, 1596, 1633, 1447, 1436, 1459, 1567, 1637, 1365, 1518, 1617, 1611
3311, 1621, 1577, 1519, 1370, 1360, 1639, 1375, 1602, 1634, 1450, 1426, 1470, 1563, 1638, 1362, 1506, 1615, 1606
3361, 1616, 1574, 1515, 1368, 1360, 1639, 1370, 1607, 1635, 1454, 1417, 1481, 1560, 1639, 1360, 1495, 1612, 1601
3409, 1612, 1571, 1511, 1367, 1360, 1639, 1366, 1612, 1636, 1457, 1408, 1493, 1556, 1639, 1360, 1483, 1610, 1595
3457, 1607, 1567, 1508, 1366, 1361, 1639, 1363, 1616, 1637, 1461, 1400, 1504, 1553, 1639, 1360, 1471, 1608, 1590
3506, 1602, 1564, 1504, 1365, 1362, 1639, 1361, 1620, 1637, 1465, 1393, 1516, 1549, 1639, 1362, 1460, 1605, 1583
3554, 1597, 1560, 1500, 1364, 1364, 1639, 1360, 1624, 1638, 1469, 1386, 1527, 1545, 1639, 1364, 1449, 1603, 1577
3602, 1591, 1557, 1495, 1363, 1366, 1638, 1360, 1627, 1639, 1472, 1380, 1538, 1542, 1638, 1368, 1438, 1600, 1570
3651, 1585, 1553, 1491, 1362, 1369, 1637, 1360, 1630, 1639, 1476, 1375, 1549, 1538, 1636, 1373, 1428, 1597, 1564
3699, 1578, 1550, 1487, 1361, 1372, 1637, 1362, 1633, 1639, 1480, 1370, 1559, 1534, 1635, 1379, 1418, 1594, 1557
3748, 1572, 1546, 1482, 1361, 1376, 1636, 1365, 1635, 1639, 1484, 1366, 1569, 1530, 1632, 1386, 1409, 1591, 1549
3797, 1565, 1543, 1478, 1360, 1380, 1635, 1369, 1637, 1639, 1488, 1363, 1579, 1527, 1630, 1394, 1400, 1589, 1542
3845, 1558, 1539, 1474, 1360, 1385, 1634, 1374, 1638, 1639, 1492, 1361, 1588, 1523, 1627, 1403, 1392, 1585, 1535
3894, 1551, 1535, 1470, 1360, 1389, 1633, 1379, 1639, 1639, 1496, 1360, 1597, 1519, 1624, 1413, 1385, 1582, 1527
3942, 1544, 1531, 1466, 1360, 1395, 1632, 1386, 1639, 1639, 1500, 1360, 1604, 1515, 1621, 1424, 1379, 1579, 1519
3990, 1536, 1528, 1461, 1360, 1400, 1630, 1393, 1639, 1639, 1504, 1360, 1612, 1511, 1617, 1435, 1373, 1576, 1512
4039, 1529, 1524, 1457, 1360, 1406, 1629, 1401, 1639, 1638, 1508, 1361, 1618, 1507, 1613, 1446, 1369, 1573, 1500
4088, 1521, 1520, 1453, 1360, 1413, 1627, 1410, 1638, 1638, 1512, 1364, 1624, 1504, 1609, 1458, 1365, 1569, 1492
4136, 1513, 1516, 1449, 1360, 1419, 1626, 1419, 1637, 1637, 1517, 1367, 1629, 1500, 1604, 1471, 1362, 1566, 1484
4185, 1500, 1512, 1445, 1360, 1426, 1624, 1429, 1636, 1636, 1521, 1370, 1633, 1496, 1599, 1483, 1360, 1563, 1476
4233, 1492, 1508, 1441, 1361, 1433, 1622, 1440, 1634, 1635, 1525, 1375, 1636, 1492, 1594, 1496, 1360, 1559, 1468
4281, 1484, 1504, 1437, 1361, 1441, 1620, 1451, 1631, 1634, 1529, 1381, 1638, 1489, 1589, 1509, 1360, 1556, 1461
4330, 1477, 1500, 1434, 1362, 1448, 1618, 1462, 1629, 1633, 1533, 1387, 1639, 1485, 1583, 1522, 1361, 1552, 1453
4378, 1469, 1496, 1430, 1363, 1456, 1616, 1473, 1625, 1632, 1538, 1394, 1639, 1482, 1577, 1534, 1363, 1548, 1446
4427, 1462, 1492, 1426, 1364, 1464, 1614, 1485, 1622, 1631, 1542, 1401, 1639, 1478, 1571, 1547, 1366, 1545, 1439
4476, 1454, 1488, 1422, 1365, 1472, 1611, 1497, 1618, 1629, 1546, 1409, 1637, 1474, 1565, 1559, 1370, 1541, 1432
4524, 1447, 1484, 1419, 1366, 1480, 1609, 1509, 1614, 1628, 1550, 1418, 1635, 1471, 1558, 1570, 1375, 1537, 1425
4573, 1440, 1480, 1415, 1367, 1488, 1607, 1520, 1609, 1626, 1554, 1427, 1632, 1467, 1552, 1581, 1380, 1534, 1419
4621, 1433, 1476, 1412, 1369, 1496, 1604, 1532, 1604, 1625, 1558, 1437, 1628, 1464, 1545, 1591, 1387, 1530, 1412
4669, 1427, 1472, 1409, 1370, 1505, 1602, 1543, 1599, 1623, 1562, 1447, 1622, 1460, 1538, 1600, 1394, 1526, 1406
4718, 1420, 1468, 1406, 1371, 1513, 1599, 1554, 1593, 1621, 1565, 1457, 1617, 1457, 1531, 1609, 1402, 1522, 1401
4766, 1414, 1465, 1402, 1373, 1521, 1596, 1565, 1588, 1619, 1569, 1468, 1610, 1453, 1524, 1616, 1411, 1518, 1395
4815, 1408, 1461, 1399, 1375, 1529, 1593, 1575, 1582, 1617, 1573, 1479, 1603, 1450, 1517, 1623, 1420, 1515, 1390
4864, 1403, 1457, 1396, 1377, 1537, 1590, 1585, 1575, 1615, 1576, 1490, 1595, 1447, 1510, 1628, 1430, 1511, 1385
4912, 1397, 1453, 1394, 1379, 1545, 1587, 1594, 1569, 1612, 1580, 1501, 1586, 1443, 1503, 1633, 1441, 1507, 1381
4960, 1392, 1450, 1391, 1381, 1553, 1584, 1602, 1562, 1610, 1583, 1512, 1577, 1440, 1496, 1636, 1452, 1500, 1377
5009, 1387, 1446, 1388, 1383, 1560, 1581, 1610, 1555, 1608, 1587, 1523, 1567, 1437, 1489, 1638, 1463, 1495, 1374
5057, 1383, 1442, 1386, 1385, 1568, 1578, 1617, 1548, 1605, 1590, 1533, 1557, 1434, 1482, 1639, 1474, 1491, 1370
5105, 1379, 1439, 1383, 1387, 1575, 1575, 1623, 1541, 1603, 1593, 1544, 1546, 1431, 1475, 1639, 1486, 1487, 1367
5155, 1375, 1435, 1381, 1389, 1581, 1571, 1628, 1533, 1600, 1597, 1554, 1535, 1427, 1468, 1638, 1500, 1483, 1365
5203, 1372, 1432, 1379, 1392, 1588, 1568, 1632, 1526, 1597, 1600, 1564, 1524, 1424, 1461, 1635, 1511, 1479, 1363
5251, 1369, 1428, 1376, 1394, 1594, 1565, 1636, 1518, 1594, 1603, 1574, 1513, 1421, 1454, 1632, 1523, 1475, 1362
5300, 1366, 1425, 1374, 1397, 1600, 1561, 1638, 1511, 1591, 1605, 1583, 1500, 1418, 1447, 1627, 1534, 1471, 1360
5348, 1364, 1422, 1373, 1400, 1606, 1558, 1639, 1503, 1589, 1608, 1591, 1489, 1415, 1441, 1621, 1545, 1467, 1360
5396, 1362, 1419, 1371, 1402, 1611, 1554, 1639, 1495, 1585, 1611, 1599, 1478, 1413, 1434, 1614, 1556, 1463, 1360
5445, 1361, 1415, 1369, 1405, 1616, 1551, 1639, 1488, 1582, 1613, 1607, 1467, 1410, 1428, 1607, 1567, 1459, 1360
5494, 1360, 1412, 1368, 1408, 1620, 1547, 1637, 1480, 1579, 1616, 1614, 1456, 1407, 1422, 1598, 1577, 1455, 1360
5543, 1360, 1409, 1366, 1411, 1624, 1543, 1635, 1473, 1576, 1618, 1620, 1446, 1404, 1416, 1588, 1586, 1451, 1361
5591, 1360, 1406, 1365, 1414, 1628, 1540, 1631, 1465, 1573, 1620, 1625, 1436, 1402, 1411, 1578, 1595, 1447, 1363
5639, 1360, 1403, 1364, 1417, 1631, 1536, 1626, 1458, 1569, 1622, 1629, 1426, 1399, 1405, 1567, 1603, 1443, 1365
5688, 1361, 1401, 1363, 1420, 1633, 1532, 1621, 1451, 1566, 1624, 1633, 1417, 1397, 1400, 1556, 1611, 1440, 1367
5736, 1362, 1398, 1362, 1424, 1636, 1528, 1615, 1443, 1563, 1626, 1636, 1409, 1394, 1395, 1544, 1617, 1436, 1370
5784, 1363, 1395, 1361, 1427, 1637, 1525, 1608, 1437, 1559, 1628, 1638, 1401, 1392, 1390, 1531, 1623, 1432, 1373
5833, 1365, 1393, 1361, 1430, 1638, 1521, 1600, 1430, 1556, 1630, 1639, 1393, 1390, 1386, 1519, 1628, 1429, 1377
5882, 1368, 1390, 1360, 1434, 1639, 1517, 1591, 1423, 1552, 1631, 1639, 1386, 1388, 1382, 1500, 1632, 1425, 1381
5931, 1370, 1388, 1360, 1437, 1639, 1513, 1582, 1417, 1548, 1633, 1639, 1380, 1385, 1378, 1488, 1636, 1422, 1385
5979, 1373, 1385, 1360, 1441, 1639, 1509, 1572, 1411, 1545, 1634, 1637, 1375, 1383, 1375, 1477, 1638, 1418, 1390
6027, 1377, 1383, 1360, 1444, 1639, 1505, 1562, 1405, 1541, 1635, 1635, 1370, 1381, 1372, 1466, 1639, 1415, 1395
6076, 1381, 1381, 1360, 1448, 1637, 1500, 1551, 1400, 1537, 1636, 1632, 1366, 1379, 1369, 1455, 1639, 1412, 1400
6124, 1385, 1379, 1360, 1451, 1636, 1495, 1540, 1394, 1534, 1637, 1628, 1363, 1378, 1367, 1444, 1639, 1409, 1406
6172, 1390, 1377, 1360, 1455, 1634, 1491, 1528, 1389, 1530, 1638, 1623, 1361, 1376, 1365, 1434, 1637, 1406, 1412
6222, 1394, 1375, 1360, 1459, 1631, 1487, 1517, 1385, 1526, 1638, 1618, 1360, 1374, 1363, 1425, 1635, 1403, 1418
6270, 1400, 1373, 1361, 1462, 1628, 1483, 1500, 1381, 1522, 1639, 1612, 1360, 1373, 1361, 1415, 1631, 1400, 1424
6318, 1405, 1372, 1362, 1466, 1624, 1479, 1488, 1377, 1518, 1639, 1605, 1360, 1371, 1360, 1406, 1627, 1397, 1431
6367, 1411, 1370, 1362, 1470, 1621, 1475, 1476, 1373, 1515, 1639, 1597, 1361, 1370, 1360, 1398, 1621, 1394, 1438
6415, 1417, 1369, 1363, 1474, 1616, 1471, 1465, 1370, 1511, 1639, 1589, 1363, 1368, 1360, 1391, 1615, 1391, 1445
6463, 1423, 1367, 1365, 1478, 1611, 1467, 1454, 1367, 1507, 1639, 1580, 1366, 1367, 1360, 1384, 1608, 1389, 1453
6512, 1430, 1366, 1366, 1481, 1606, 1464, 1443, 1365, 1500, 1639, 1571, 1370, 1366, 1360, 1378, 1600, 1386, 1460
6561, 1437, 1365, 1367, 1485, 1601, 1460, 1433, 1363, 1495, 1639, 1561, 1375, 1365, 1361, 1373, 1592, 1384, 1468
6610, 1443, 1364, 1369, 1489, 1595, 1456, 1423, 1362, 1491, 1639, 1551, 1380, 1364, 1362, 1368, 1583, 1382, 1475
6658, 1451, 1363, 1370, 1493, 1589, 1452, 1413, 1361, 1487, 1638, 1541, 1386, 1363, 1364, 1365, 1573, 1380, 1483
6706, 1458, 1362, 1372, 1500, 1582, 1448, 1404, 1360, 1483, 1637, 1530, 1393, 1362, 1365, 1362, 1563, 1377, 1491
6755, 1465, 1362, 1374, 1503, 1576, 1444, 1396, 1360, 1478, 1637, 1519, 1400, 1362, 1368, 1360, 1552, 1375, 1499
6803, 1473, 1361, 1376, 1507, 1568, 1441, 1389, 1360, 1474, 1636, 1500, 1408, 1361, 1370, 1360, 1541, 1374, 1506
6851, 1480, 1360, 1378, 1511, 1561, 1437, 1382, 1360, 1470, 1635, 1488, 1417, 1361, 1373, 1360, 1530, 1372, 1514
6901, 1488, 1360, 1380, 1515, 1554, 1433, 1376, 1361, 1466, 1633, 1476, 1426, 1360, 1376, 1361, 1518, 1370, 1522
6949, 1495, 1360, 1382, 1519, 1546, 1430, 1371, 1363, 1462, 1632, 1464, 1436, 1360, 1380, 1362, 1507, 1369, 1530
6997, 1503, 1360, 1384, 1523, 1538, 1426, 1367, 1364, 1458, 1631, 1453, 1446, 1360, 1384, 1365, 1495, 1367, 1537
7046, 1511, 1360, 1387, 1527, 1530, 1423, 1364, 1366, 1454, 1629, 1442, 1456, 1360, 1388, 1369, 1483, 1366, 1545
7094, 1518, 1360, 1390, 1531, 1522, 1420, 1361, 1369, 1450, 1627, 1431, 1466, 1360, 1393, 1373, 1472, 1365, 1552
7142, 1526, 1360, 1392, 1535, 1514, 1416, 1360, 1372, 1446, 1626, 1421, 1477, 1360, 1397, 1379, 1460, 1364, 1559
7191, 1533, 1360, 1395, 1539, 1500, 1413, 1360, 1375, 1442, 1624, 1411, 1488, 1360, 1402, 1385, 1449, 1363, 1566
7239, 1541, 1360, 1398, 1543, 1491, 1410, 1360, 1379, 1438, 1622, 1402, 1499, 1360, 1408, 1392, 1439, 1362, 1573
7289, 1548, 1361, 1401, 1546, 1483, 1407, 1362, 1383, 1434, 1619, 1394, 1510, 1360, 1413, 1399, 1428, 1361, 1580
7337, 1555, 1361, 1404, 1550, 1475, 1404, 1364, 1388, 1430, 1617, 1386, 1521, 1361, 1419, 1407, 1418, 1361, 1586
7385, 1562, 1362, 1407, 1554, 1467, 1401, 1368, 1392, 1427, 1615, 1380, 1532, 1361, 1425, 1416, 1409, 1360, 1592
7434, 1569, 1363, 1410, 1558, 1459, 1398, 1372, 1398, 1423, 1612, 1374, 1542, 1362, 1431, 1425, 1401, 1360, 1598
7482, 1575, 1364, 1414, 1561, 1451, 1395, 1377, 1403, 1420, 1610, 1369, 1553, 1362, 1437, 1435, 1393, 1360, 1603
7530, 1582, 1365, 1417, 1565, 1443, 1393, 1383, 1409, 1416, 1607, 1365, 1563, 1363, 1444, 1446, 1386, 1360, 1608
7579, 1588, 1366, 1421, 1568, 1436, 1390, 1390, 1415, 1413, 1604, 1362, 1572, 1364, 1450, 1456, 1379, 1360, 1613
7628, 1593, 1367, 1424, 1572, 1429, 1388, 1398, 1421, 1409, 1601, 1360, 1581, 1365, 1457, 1467, 1374, 1360, 1617
7676, 1599, 1369, 1428, 1575, 1422, 1385, 1406, 1427, 1406, 1598, 1360, 1590, 1366, 1464, 1478, 1369, 1360, 1621
7725, 1604, 1370, 1432, 1578, 1415, 1383, 1415, 1434, 1403, 1595, 1360, 1598, 1367, 1471, 1489, 1365, 1360, 1625
7773, 1609, 1372, 1436, 1582, 1408, 1381, 1425, 1441, 1400, 1592, 1361, 1606, 1369, 1478, 1501, 1362, 1361, 1628
7821, 1614, 1373, 1439, 1585, 1402, 1379, 1435, 1448, 1397, 1589, 1363, 1612, 1370, 1485, 1512, 1360, 1361, 1631
8439, 1613, 1372, 1438, 1584, 1402, 1379, 1434, 1447, 1397, 1589, 1362, 1611, 1369, 1484, 1511, 1360, 1360, 1630
8488, 1618, 1374, 1441, 1587, 1396, 1377, 1445, 1454, 1394, 1586, 1365, 1617, 1371, 1491, 1522, 1361, 1361, 1633
8536, 1622, 1375, 1445, 1590, 1391, 1375, 1455, 1462, 1391, 1582, 1370, 1622, 1372, 1498, 1533, 1367, 1362, 1635
8585, 1626, 1376, 1448, 1593, 1386, 1373, 1467, 1469, 1388, 1579, 1375, 1626, 1373, 1505, 1544, 1377, 1363, 1637
8633, 1629, 1377, 1451, 1596, 1381, 1371, 1478, 1477, 1386, 1576, 1381, 1630, 1374, 1513, 1554, 1390, 1365, 1638
8681, 1632, 1378, 1454, 1598, 1377, 1370, 1489, 1484, 1383, 1573, 1388, 1633, 1375, 1520, 1564, 1406, 1366, 1639
8730, 1635, 1379, 1457, 1601, 1373, 1369, 1501, 1492, 1381, 1569, 1395, 1636, 1377, 1527, 1573, 1425, 1368, 1639
8779, 1637, 1381, 1460, 1604, 1370, 1367, 1512, 1499, 1378, 1566, 1404, 1638, 1378, 1533, 1582, 1446, 1370, 1639
8827, 1638, 1382, 1464, 1606, 1367, 1366, 1524, 1507, 1376, 1562, 1413, 1639, 1379, 1540, 1591, 1469, 1373, 1639
8876, 1639, 1383, 1467, 1608, 1365, 1365, 1535, 1515, 1374, 1559, 1423, 1639, 1381, 1547, 1599, 1500, 1375, 1638
8924, 1639, 1385, 1470, 1611, 1363, 1364, 1546, 1522, 1372, 1555, 1434, 1639, 1382, 1553, 1607, 1512, 1378, 1637
8972, 1639, 1386, 1473, 1613, 1361, 1363, 1557, 1530, 1371, 1552, 1445, 1639, 1384, 1560, 1613, 1524, 1381, 1635
9021, 1639, 1387, 1477, 1615, 1360, 1362, 1567, 1537, 1369, 1548, 1457, 1637, 1385, 1566, 1619, 1535, 1384, 1633
9069, 1638, 1389, 1480, 1617, 1360, 1361, 1577, 1544, 1368, 1544, 1468, 1635, 1387, 1572, 1625, 1547, 1387, 1630
9117, 1637, 1390, 1483, 1619, 1360, 1361, 1586, 1552, 1366, 1540, 1480, 1633, 1389, 1578, 1629, 1558, 1390, 1627
9167, 1635, 1392, 1487, 1621, 1360, 1360, 1595, 1559, 1365, 1537, 1493, 1629, 1390, 1584, 1633, 1569, 1394, 1623
9215, 1632, 1393, 1490, 1623, 1361, 1360, 1603, 1565, 1364, 1533, 1505, 1626, 1392, 1590, 1636, 1579, 1397, 1619
9264, 1629, 1395, 1493, 1625, 1362, 1360, 1611, 1572, 1363, 1529, 1517, 1621, 1394, 1595, 1638, 1589, 1401, 1615
9312, 1626, 1397, 1497, 1626, 1364, 1360, 1617, 1578, 1362, 1525, 1529, 1616, 1396, 1600, 1639, 1598, 1405, 1610
9360, 1622, 1398, 1500, 1628, 1366, 1360, 1623, 1585, 1361, 1521, 1541, 1611, 1398, 1605, 1639, 1606, 1410, 1605
9409, 1618, 1400, 1503, 1629, 1369, 1360, 1628, 1590, 1361, 1517, 1553, 1605, 1399, 1609, 1639, 1613, 1414, 1600
9457, 1613, 1402, 1507, 1631, 1372, 1360, 1632, 1596, 1360, 1513, 1564, 1598, 1401, 1613, 1638, 1620, 1418, 1594
9506, 1608, 1403, 1510, 1632, 1376, 1360, 1635, 1602, 1360, 1510, 1575, 1591, 1403, 1617, 1635, 1626, 1423, 1588
9555, 1603, 1405, 1513, 1633, 1380, 1360, 1638, 1607, 1360, 1506, 1585, 1584, 1405, 1621, 1632, 1630, 1428, 1582
9603, 1597, 1407, 1517, 1634, 1384, 1361, 1639, 1611, 1360, 1502, 1594, 1576, 1407, 1624, 1628, 1634, 1433, 1576
9651, 1591, 1409, 1520, 1635, 1389, 1361, 1639, 1616, 1360, 1498, 1603, 1567, 1410, 1627, 1624, 1637, 1438, 1569
9700, 1585, 1411, 1523, 1636, 1394, 1362, 1639, 1620, 1360, 1494, 1611, 1559, 1412, 1630, 1618, 1639, 1443, 1562
9748, 1578, 1413, 1527, 1637, 1400, 1363, 1637, 1624, 1360, 1490, 1618, 1550, 1414, 1633, 1612, 1639, 1448, 1555
9797, 1571, 1414, 1530, 1637, 1406, 1364, 1635, 1627, 1361, 1486, 1624, 1541, 1416, 1635, 1605, 1639, 1453, 1547
9846, 1564, 1416, 1533, 1638, 1412, 1365, 1632, 1630, 1361, 1482, 1629, 1532, 1418, 1636, 1598, 1638, 1458, 1540
9894, 1556, 1418, 1536, 1639, 1419, 1366, 1627, 1632, 1362, 1478, 1633, 1522, 1421, 1638, 1589, 1635, 1464, 1532
9943, 1549, 1420, 1540, 1639, 1425, 1367, 1622, 1635, 1363, 1474, 1636, 1513, 1423, 1639, 1581, 1632, 1469, 1525
9991, 1541, 1422, 1543, 1639, 1432, 1368, 1616, 1636, 1364, 1470, 1638, 1500, 1425, 1639, 1571, 1628, 1475, 1517
10039, 1533, 1424, 1546, 1639, 1440, 1370, 1609, 1638, 1365, 1467, 1639, 1488, 1428, 1639, 1562, 1622, 1480, 1509
10088, 1525, 1426, 1549, 1639, 1447, 1371, 1602, 1639, 1366, 1463, 1639, 1477, 1430, 1639, 1552, 1616, 1486, 1500
10136, 1517, 1429, 1552, 1639, 1455, 1373, 1594, 1639, 1368, 1459, 1638, 1466, 1432, 1639, 1541, 1609, 1491, 1491
10185, 1508, 1431, 1555, 1639, 1463, 1375, 1585, 1639, 1369, 1455, 1636, 1455, 1435, 1638, 1531, 1601, 1497, 1483
10235, 1500, 1433, 1558, 1639, 1471, 1377, 1575, 1639, 1371, 1452, 1633, 1444, 1437, 1637, 1520, 1592, 1502, 1475
10283, 1491, 1435, 1561, 1639, 1479, 1378, 1565, 1639, 1373, 1448, 1628, 1434, 1440, 1636, 1500, 1583, 1508, 1467
10332, 1483, 1437, 1564, 1638, 1487, 1380, 1555, 1637, 1375, 1444, 1623, 1424, 1442, 1634, 1487, 1573, 1514, 1459
10380, 1474, 1439, 1567, 1638, 1500, 1383, 1544, 1636, 1377, 1441, 1617, 1414, 1445, 1632, 1474, 1562, 1519, 1451
10429, 1466, 1441, 1570, 1637, 1507, 1385, 1533, 1634, 1379, 1437, 1610, 1406, 1447, 1629, 1461, 1551, 1525, 1443
10477, 1458, 1444, 1573, 1637, 1515, 1387, 1522, 1632, 1381, 1434, 1602, 1397, 1450, 1626, 1449, 1540, 1530, 1435
10526, 1450, 1446, 1576, 1636, 1523, 1389, 1500, 1629, 1383, 1430, 1593, 1390, 1452, 1623, 1437, 1528, 1535, 1428
10576, 1442, 1448, 1579, 1635, 1531, 1392, 1489, 1626, 1386, 1427, 1584, 1383, 1455, 1620, 1426, 1516, 1541, 1421
10624, 1434, 1450, 1582, 1634, 1539, 1394, 1478, 1622, 1389, 1423, 1573, 1377, 1458, 1616, 1415, 1504, 1546, 1414
10673, 1427, 1453, 1584, 1633, 1546, 1397, 1467, 1619, 1391, 1420, 1563, 1372, 1460, 1612, 1405, 1492, 1551, 1408
10721, 1419, 1455, 1587, 1632, 1554, 1400, 1457, 1614, 1394, 1417, 1552, 1368, 1463, 1607, 1396, 1480, 1557, 1402
10770, 1413, 1457, 1589, 1630, 1561, 1402, 1446, 1610, 1397, 1414, 1540, 1364, 1466, 1603, 1388, 1468, 1562, 1396
10818, 1406, 1460, 1592, 1629, 1568, 1405, 1437, 1605, 1400, 1411, 1528, 1362, 1468, 1598, 1380, 1457, 1567, 1391
10867, 1400, 1462, 1595, 1628, 1575, 1408, 1427, 1600, 1403, 1408, 1516, 1360, 1471, 1593, 1374, 1445, 1571, 1386
10917, 1394, 1464, 1597, 1626, 1581, 1411, 1418, 1594, 1406, 1405, 1500, 1360, 1474, 1587, 1369, 1434, 1576, 1381
10965, 1389, 1467, 1599, 1624, 1588, 1414, 1409, 1589, 1410, 1402, 1488, 1360, 1477, 1582, 1365, 1424, 1581, 1377
11014, 1384, 1469, 1602, 1623, 1594, 1417, 1401, 1583, 1413, 1399, 1477, 1361, 1479, 1576, 1362, 1414, 1585, 1373
11062, 1379, 1471, 1604, 1621, 1600, 1420, 1394, 1576, 1416, 1396, 1466, 1363, 1482, 1570, 1360, 1405, 1590, 1370
11111, 1375, 1474, 1606, 1619, 1605, 1424, 1387, 1570, 1420, 1394, 1455, 1366, 1485, 1564, 1360, 1396, 1594, 1367
11159, 1371, 1476, 1608, 1617, 1610, 1427, 1381, 1563, 1424, 1391, 1444, 1370, 1487, 1557, 1360, 1389, 1598, 1364
11208, 1368, 1478, 1610, 1615, 1615, 1430, 1376, 1556, 1427, 1389, 1434, 1375, 1490, 1551, 1362, 1382, 1602, 1362
11257, 1365, 1481, 1612, 1613, 1619, 1434, 1371, 1549, 1431, 1386, 1424, 1380, 1493, 1544, 1365, 1376, 1605, 1361
11306, 1363, 1483, 1614, 1610, 1623, 1437, 1367, 1542, 1435, 1384, 1415, 1387, 1496, 1537, 1369, 1370, 1609, 1360
11355, 1362, 1486, 1616, 1608, 1627, 1441, 1364, 1535, 1439, 1382, 1406, 1394, 1499, 1531, 1374, 1366, 1612, 1360
11403, 1360, 1488, 1618, 1606, 1630, 1444, 1362, 1527, 1443, 1380, 1398, 1402, 1501, 1524, 1380, 1363, 1616, 1360
11452, 1360, 1490, 1620, 1603, 1632, 1448, 1360, 1520, 1447, 1378, 1391, 1410, 1504, 1517, 1388, 1361, 1619, 1360
11500, 1360, 1493, 1621, 1601, 1635, 1451, 1360, 1512, 1451, 1376, 1384, 1419, 1507, 1510, 1396, 1360, 1621, 1361
11549, 1360, 1495, 1623, 1598, 1637, 1455, 1360, 1500, 1455, 1374, 1378, 1429, 1510, 1500, 1405, 1360, 1624, 1363
11598, 1361, 1498, 1625, 1595, 1638, 1459, 1361, 1492, 1459, 1373, 1373, 1439, 1512, 1492, 1415, 1361, 1627, 1365
11647, 1362, 1500, 1626, 1593, 1639, 1462, 1363, 1484, 1463, 1371, 1368, 1449, 1515, 1485, 1426, 1362, 1629, 1367
11696, 1364, 1503, 1627, 1590, 1639, 1466, 1365, 1476, 1467, 1369, 1365, 1460, 1518, 1478, 1437, 1365, 1631, 1370
11744, 1366, 1505, 1629, 1587, 1639, 1470, 1369, 1468, 1472, 1368, 1362, 1471, 1521, 1470, 1449, 1369, 1633, 1373
11793, 1369, 1507, 1630, 1584, 1639, 1474, 1373, 1461, 1476, 1367, 1360, 1483, 1523, 1463, 1461, 1374, 1634, 1377
11841, 1373, 1510, 1631, 1581, 1638, 1478, 1378, 1453, 1480, 1366, 1360, 1494, 1526, 1456, 1474, 1380, 1636, 1381
11890, 1376, 1512, 1632, 1578, 1637, 1482, 1384, 1446, 1485, 1364, 1360, 1505, 1529, 1449, 1486, 1387, 1637, 1386
11939, 1381, 1515, 1633, 1575, 1635, 1485, 1391, 1439, 1489, 1363, 1361, 1517, 1531, 1442, 1499, 1395, 1638, 1391
11988, 1385, 1517, 1634, 1572, 1633, 1489, 1398, 1432, 1493, 1363, 1362, 1528, 1534, 1436, 1512, 1403, 1639, 1397
12037, 1391, 1519, 1635, 1568, 1630, 1493, 1406, 1425, 1500, 1362, 1365, 1539, 1537, 1429, 1525, 1412, 1639, 1402
12085, 1396, 1522, 1636, 1565, 1627, 1500, 1414, 1419, 1504, 1361, 1369, 1550, 1539, 1423, 1538, 1422, 1639, 1409
12134, 1402, 1524, 1637, 1562, 1624, 1504, 1423, 1412, 1508, 1361, 1373, 1560, 1542, 1417, 1550, 1432, 1639, 1415
12182, 1408, 1527, 1637, 1558, 1620, 1508, 1432, 1406, 1512, 1360, 1379, 1570, 1545, 1411, 1562, 1443, 1639, 1422
12231, 1415, 1529, 1638, 1555, 1616, 1512, 1442, 1401, 1516, 1360, 1385, 1580, 1547, 1405, 1573, 1454, 1639, 1429
12280, 1422, 1531, 1638, 1552, 1611, 1516, 1452, 1395, 1521, 1360, 1392, 1589, 1550, 1400, 1584, 1466, 1638, 1436
12329, 1429, 1534, 1639, 1548, 1606, 1521, 1463, 1390, 1525, 1360, 1399, 1598, 1552, 1395, 1594, 1478, 1638, 1444
12377, 1437, 1536, 1639, 1544, 1601, 1525, 1473, 1385, 1529, 1360, 1407, 1605, 1555, 1390, 1603, 1500, 1637, 1451
12426, 1444, 1538, 1639, 1541, 1595, 1529, 1484, 1381, 1533, 1360, 1416, 1613, 1557, 1386, 1611, 1511, 1635, 1459
12475, 1452, 1541, 1639, 1537, 1589, 1533, 1495, 1377, 1537, 1360, 1426, 1619, 1560, 1382, 1618, 1523, 1634, 1467
12523, 1460, 1543, 1639, 1534, 1583, 1537, 1506, 1374, 1541, 1360, 1436, 1624, 1562, 1378, 1625, 1535, 1632, 1475
12572, 1469, 1545, 1639, 1530, 1576, 1541, 1516, 1370, 1545, 1361, 1446, 1629, 1565, 1374, 1630, 1546, 1630, 1484
12621, 1477, 1548, 1639, 1526, 1570, 1545, 1527, 1367, 1549, 1361, 1456, 1633, 1567, 1371, 1634, 1557, 1628, 1492
12670, 1485, 1550, 1639, 1523, 1563, 1549, 1538, 1365, 1553, 1362, 1467, 1636, 1570, 1369, 1637, 1567, 1626, 1500
12718, 1494, 1552, 1639, 1519, 1555, 1553, 1548, 1363, 1557, 1363, 1478, 1638, 1572, 1366, 1639, 1578, 1623, 1509
12767, 1502, 1554, 1639, 1515, 1548, 1557, 1558, 1362, 1561, 1363, 1490, 1639, 1574, 1364, 1639, 1587, 1621, 1517
12816, 1511, 1557, 1638, 1512, 1541, 1561, 1568, 1360, 1565, 1364, 1501, 1639, 1577, 1362, 1639, 1596, 1618, 1525
12864, 1519, 1559, 1638, 1508, 1533, 1565, 1577, 1360, 1569, 1366, 1512, 1639, 1579, 1361, 1637, 1604, 1615, 1533
12913, 1528, 1561, 1637, 1504, 1525, 1568, 1586, 1360, 1572, 1367, 1523, 1637, 1581, 1360, 1634, 1612, 1612, 1541
12962, 1536, 1563, 1637, 1500, 1517, 1572, 1594, 1360, 1576, 1368, 1534, 1635, 1584, 1360, 1630, 1618, 1608, 1549
13011, 1544, 1565, 1636, 1496, 1509, 1576, 1602, 1360, 1579, 1369, 1545, 1631, 1586, 1360, 1625, 1624, 1605, 1557
13059, 1552, 1567, 1635, 1492, 1501, 1579, 1609, 1361, 1583, 1371, 1556, 1627, 1588, 1360, 1619, 1629, 1601, 1564
13108, 1560, 1570, 1634, 1489, 1493, 1583, 1615, 1363, 1586, 1373, 1566, 1622, 1590, 1360, 1611, 1633, 1597, 1571
13156, 1568, 1572, 1633, 1485, 1485, 1586, 1621, 1365, 1590, 1374, 1576, 1616, 1592, 1361, 1603, 1636, 1593, 1578
13205, 1575, 1574, 1632, 1481, 1477, 1589, 1626, 1367, 1593, 1376, 1585, 1609, 1594, 1363, 1594, 1638, 1589, 1585
13254, 1582, 1576, 1631, 1478, 1470, 1592, 1630, 1370, 1596, 1378, 1594, 1601, 1596, 1365, 1584, 1639, 1584, 1592
13303, 1589, 1578, 1630, 1474, 1462, 1595, 1634, 1373, 1599, 1380, 1602, 1593, 1598, 1367, 1573, 1639, 1580, 1598
13352, 1595, 1580, 1629, 1471, 1454, 1599, 1637, 1377, 1602, 1382, 1609, 1584, 1600, 1369, 1562, 1639, 1575, 1603
13400, 1601, 1582, 1627, 1467, 1447, 1601, 1638, 1381, 1605, 1384, 1616, 1575, 1602, 1372, 1550, 1637, 1570, 1609
13449, 1607, 1584, 1626, 1464, 1440, 1604, 1639, 1385, 1608, 1387, 1622, 1565, 1604, 1375, 1538, 1634, 1565, 1614
13497, 1612, 1586, 1624, 1460, 1432, 1607, 1639, 1390, 1610, 1389, 1627, 1555, 1606, 1379, 1526, 1630, 1560, 1618
13546, 1617, 1587, 1623, 1457, 1426, 1610, 1639, 1395, 1613, 1391, 1631, 1544, 1607, 1383, 1513, 1625, 1555, 1623
13595, 1621, 1589, 1621, 1453, 1419, 1612, 1637, 1400, 1615, 1394, 1635, 1533, 1609, 1387, 1500, 1620, 1550, 1626
13644, 1625, 1591, 1620, 1450, 1413, 1615, 1635, 1406, 1618, 1397, 1637, 1522, 1611, 1392, 1488, 1613, 1545, 1630
13693, 1629, 1593, 1618, 1447, 1406, 1617, 1632, 1412, 1620, 1399, 1639, 1500, 1613, 1396, 1477, 1606, 1540, 1632
13741, 1632, 1595, 1616, 1443, 1401, 1619, 1628, 1418, 1622, 1402, 1639, 1488, 1614, 1402, 1465, 1598, 1534, 1635
13790, 1634, 1597, 1614, 1440, 1395, 1621, 1623, 1424, 1624, 1405, 1639, 1477, 1616, 1407, 1454, 1589, 1529, 1637
13838, 1636, 1598, 1612, 1437, 1390, 1623, 1617, 1431, 1626, 1408, 1638, 1465, 1617, 1413, 1444, 1580, 1523, 1638
13887, 1638, 1600, 1610, 1433, 1385, 1625, 1611, 1438, 1628, 1411, 1636, 1454, 1619, 1418, 1433, 1570, 1518, 1639
13935, 1639, 1602, 1608, 1430, 1381, 1627, 1604, 1445, 1629, 1414, 1633, 1443, 1620, 1425, 1424, 1559, 1512, 1639
13985, 1639, 1603, 1606, 1427, 1377, 1629, 1597, 1452, 1631, 1417, 1630, 1433, 1622, 1431, 1414, 1548, 1507, 1639
14034, 1639, 1605, 1604, 1424, 1373, 1630, 1589, 1460, 1632, 1420, 1625, 1423, 1623, 1437, 1405, 1537, 1500, 1639
14082, 1639, 1606, 1601, 1421, 1370, 1632, 1580, 1467, 1633, 1424, 1620, 1414, 1624, 1444, 1397, 1525, 1496, 1638
14131, 1638, 1608, 1599, 1418, 1367, 1633, 1571, 1475, 1635, 1427, 1613, 1405, 1625, 1451, 1390, 1514, 1492, 1636
14179, 1636, 1610, 1597, 1415, 1365, 1634, 1561, 1483, 1636, 1430, 1606, 1397, 1627, 1458, 1383, 1502, 1488, 1634
14228, 1634, 1611, 1594, 1412, 1363, 1635, 1551, 1491, 1637, 1434, 1599, 1389, 1628, 1465, 1377, 1490, 1484, 1632
14276, 1632, 1612, 1592, 1410, 1361, 1636, 1541, 1499, 1637, 1437, 1590, 1383, 1629, 1472, 1372, 1478, 1480, 1629
14326, 1629, 1614, 1589, 1407, 1360, 1637, 1531, 1506, 1638, 1441, 1582, 1377, 1630, 1479, 1368, 1467, 1476, 1625
14375, 1625, 1615, 1587, 1404, 1360, 1638, 1520, 1514, 1639, 1444, 1572, 1371, 1631, 1487, 1364, 1455, 1472, 1622
14423, 1621, 1617, 1584, 1401, 1360, 1638, 1500, 1522, 1639, 1448, 1562, 1367, 1632, 1494, 1362, 1444, 1468, 1617
14472, 1617, 1618, 1581, 1399, 1360, 1639, 1487, 1530, 1639, 1452, 1552, 1364, 1633, 1501, 1360, 1434, 1464, 1613
14520, 1612, 1619, 1578, 1396, 1361, 1639, 1474, 1537, 1639, 1455, 1541, 1362, 1633, 1509, 1360, 1424, 1460, 1607
14569, 1606, 1620, 1576, 1394, 1362, 1639, 1462, 1545, 1639, 1459, 1530, 1360, 1634, 1516, 1360, 1414, 1457, 1602
14617, 1601, 1622, 1573, 1392, 1363, 1640, 1450, 1552, 1639, 1463, 1519, 1360, 1635, 1523, 1361, 1405, 1453, 1596
14667, 1595, 1623, 1570, 1389, 1365, 1639, 1439, 1559, 1639, 1467, 1500, 1360, 1636, 1531, 1363, 1397, 1449, 1590
14715, 1588, 1624, 1567, 1387, 1368, 1639, 1428, 1566, 1639, 1471, 1487, 1361, 1636, 1538, 1366, 1389, 1445, 1583
14764, 1582, 1625, 1564, 1385, 1371, 1639, 1417, 1573, 1638, 1474, 1474, 1364, 1637, 1545, 1370, 1382, 1442, 1577
14813, 1575, 1626, 1561, 1383, 1374, 1638, 1407, 1580, 1638, 1478, 1461, 1367, 1637, 1552, 1375, 1376, 1438, 1570
14861, 1567, 1627, 1558, 1381, 1378, 1638, 1398, 1586, 1637, 1482, 1449, 1371, 1638, 1558, 1381, 1371, 1435, 1562
14910, 1560, 1628, 1555, 1379, 1382, 1637, 1390, 1592, 1636, 1486, 1437, 1376, 1638, 1565, 1387, 1367, 1431, 1555
14958, 1552, 1629, 1552, 1377, 1387, 1636, 1383, 1598, 1635, 1490, 1426, 1382, 1639, 1571, 1395, 1363, 1428, 1547
15008, 1544, 1630, 1549, 1376, 1392, 1635, 1376, 1603, 1634, 1494, 1415, 1388, 1639, 1578, 1403, 1361, 1424, 1539
15057, 1536, 1631, 1546, 1374, 1397, 1634, 1371, 1608, 1633, 1500, 1406, 1396, 1639, 1584, 1411, 1360, 1421, 1531
15105, 1527, 1632, 1542, 1372, 1403, 1633, 1366, 1613, 1631, 1503, 1396, 1404, 1639, 1589, 1420, 1360, 1418, 1523
15154, 1519, 1632, 1539, 1371, 1408, 1632, 1363, 1617, 1630, 1507, 1388, 1413, 1639, 1595, 1430, 1360, 1415, 1515
15202, 1511, 1633, 1536, 1370, 1415, 1630, 1361, 1621, 1628, 1511, 1381, 1422, 1639, 1600, 1440, 1362, 1411, 1500
15251, 1500, 1634, 1533, 1368, 1421, 1629, 1360, 1625, 1626, 1515, 1375, 1432, 1640, 1605, 1451, 1365, 1408, 1492
15299, 1492, 1634, 1530, 1367, 1428, 1627, 1360, 1628, 1625, 1519, 1369, 1442, 1639, 1610, 1462, 1368, 1405, 1485
15349, 1485, 1635, 1526, 1366, 1435, 1625, 1361, 1631, 1623, 1522, 1365, 1453, 1639, 1614, 1473, 1373, 1402, 1478
15397, 1477, 1636, 1523, 1365, 1442, 1623, 1363, 1634, 1621, 1526, 1362, 1464, 1639, 1618, 1484, 1378, 1400, 1471
15446, 1470, 1636, 1520, 1364, 1449, 1621, 1366, 1636, 1618, 1530, 1360, 1475, 1639, 1622, 1496, 1384, 1397, 1464
15495, 1463, 1637, 1516, 1363, 1457, 1619, 1371, 1637, 1616, 1534, 1360, 1487, 1639, 1625, 1507, 1392, 1394, 1457
15543, 1456, 1637, 1513, 1362, 1464, 1617, 1376, 1638, 1614, 1537, 1360, 1498, 1639, 1628, 1519, 1399, 1392, 1450
15592, 1449, 1638, 1510, 1362, 1472, 1615, 1383, 1639, 1611, 1541, 1362, 1510, 1638, 1631, 1530, 1408, 1389, 1443
15640, 1442, 1638, 1506, 1361, 1480, 1612, 1390, 1639, 1609, 1545, 1365, 1521, 1638, 1633, 1541, 1417, 1387, 1436
15689, 1435, 1638, 1503, 1361, 1488, 1610, 1399, 1639, 1606, 1548, 1368, 1533, 1637, 1635, 1552, 1427, 1384, 1430
16309, 1435, 1637, 1503, 1361, 1487, 1610, 1398, 1638, 1606, 1547, 1367, 1532, 1637, 1634, 1551, 1426, 1384, 1430
16357, 1428, 1638, 1500, 1360, 1495, 1607, 1408, 1639, 1602, 1550, 1371, 1544, 1635, 1636, 1562, 1437, 1381, 1424
16406, 1421, 1638, 1497, 1360, 1503, 1605, 1419, 1639, 1599, 1553, 1375, 1555, 1634, 1637, 1572, 1448, 1378, 1418
16455, 1415, 1638, 1494, 1360, 1511, 1603, 1431, 1639, 1596, 1556, 1380, 1566, 1632, 1638, 1582, 1459, 1376, 1413
16504, 1409, 1639, 1491, 1360, 1519, 1601, 1443, 1639, 1592, 1559, 1386, 1577, 1631, 1639, 1591, 1471, 1373, 1407
16553, 1403, 1639, 1488, 1360, 1527, 1599, 1456, 1639, 1589, 1562, 1392, 1587, 1629, 1639, 1599, 1483, 1371, 1402
16601, 1398, 1639, 1485, 1360, 1535, 1596, 1469, 1639, 1585, 1565, 1399, 1596, 1626, 1639, 1607, 1495, 1369, 1398
16650, 1392, 1639, 1482, 1360, 1543, 1594, 1482, 1639, 1581, 1568, 1406, 1604, 1624, 1639, 1614, 1507, 1367, 1393
16698, 1388, 1639, 1479, 1360, 1551, 1591, 1496, 1639, 1578, 1570, 1414, 1612, 1622, 1638, 1621, 1519, 1366, 1389
16747, 1383, 1639, 1476, 1360, 1558, 1589, 1510, 1639, 1574, 1573, 1422, 1619, 1619, 1637, 1626, 1531, 1364, 1385
16795, 1379, 1639, 1473, 1360, 1565, 1586, 1523, 1639, 1570, 1576, 1430, 1625, 1616, 1636, 1631, 1542, 1363, 1381
16845, 1375, 1639, 1470, 1360, 1572, 1584, 1537, 1639, 1566, 1578, 1439, 1630, 1613, 1634, 1634, 1554, 1362, 1377
16894, 1372, 1639, 1467, 1360, 1579, 1581, 1550, 1639, 1561, 1581, 1448, 1634, 1610, 1632, 1637, 1564, 1361, 1374
16942, 1369, 1639, 1464, 1360, 1585, 1579, 1562, 1639, 1557, 1584, 1458, 1637, 1606, 1630, 1639, 1575, 1360, 1371
16991, 1366, 1639, 1461, 1360, 1592, 1576, 1574, 1639, 1553, 1586, 1468, 1639, 1603, 1627, 1639, 1585, 1360, 1369
17039, 1364, 1639, 1458, 1361, 1598, 1573, 1586, 1638, 1549, 1589, 1477, 1639, 1599, 1624, 1639, 1594, 1360, 1366
17088, 1362, 1639, 1455, 1361, 1603, 1570, 1596, 1638, 1544, 1591, 1487, 1639, 1595, 1621, 1638, 1602, 1360, 1364
17136, 1361, 1639, 1452, 1361, 1608, 1567, 1605, 1638, 1540, 1593, 1497, 1638, 1591, 1617, 1636, 1610, 1360, 1363
17186, 1360, 1639, 1450, 1362, 1613, 1564, 1614, 1637, 1535, 1596, 1507, 1636, 1587, 1613, 1633, 1617, 1360, 1362
17235, 1360, 1639, 1447, 1362, 1618, 1562, 1621, 1637, 1531, 1598, 1517, 1632, 1583, 1609, 1629, 1623, 1360, 1361
17283, 1360, 1639, 1444, 1363, 1622, 1559, 1627, 1636, 1526, 1600, 1527, 1628, 1579, 1605, 1624, 1628, 1361, 1360
17332, 1360, 1639, 1441, 1363, 1626, 1556, 1632, 1636, 1521, 1602, 1537, 1622, 1574, 1600, 1618, 1633, 1362, 1360
17380, 1361, 1639, 1439, 1364, 1629, 1553, 1636, 1635, 1517, 1605, 1547, 1616, 1570, 1595, 1612, 1636, 1363, 1360
17429, 1362, 1638, 1436, 1364, 1632, 1549, 1638, 1635, 1512, 1607, 1556, 1609, 1565, 1590, 1604, 1638, 1364, 1360
17477, 1364, 1638, 1433, 1365, 1634, 1546, 1639, 1634, 1507, 1609, 1565, 1601, 1560, 1584, 1596, 1639, 1366, 1361
17527, 1366, 1638, 1431, 1365, 1636, 1543, 1639, 1634, 1503, 1611, 1574, 1592, 1555, 1579, 1588, 1639, 1367, 1362
17575, 1368, 1638, 1428, 1366, 1638, 1540, 1638, 1633, 1498, 1613, 1582, 1582, 1550, 1573, 1578, 1639, 1369, 1363
17624, 1371, 1637, 1426, 1367, 1639, 1537, 1635, 1632, 1493, 1614, 1590, 1572, 1545, 1567, 1568, 1637, 1371, 1365
17673, 1375, 1637, 1423, 1368, 1639, 1534, 1630, 1631, 1489, 1616, 1597, 1562, 1540, 1561, 1558, 1634, 1373, 1367
17721, 1378, 1637, 1420, 1368, 1639, 1531, 1625, 1631, 1484, 1618, 1604, 1550, 1535, 1555, 1547, 1630, 1376, 1369
17770, 1382, 1636, 1418, 1369, 1639, 1527, 1618, 1630, 1479, 1620, 1611, 1539, 1530, 1548, 1536, 1625, 1378, 1371
17818, 1387, 1636, 1416, 1370, 1638, 1524, 1610, 1629, 1475, 1621, 1616, 1527, 1525, 1542, 1525, 1619, 1381, 1374
17868, 1392, 1636, 1413, 1371, 1637, 1521, 1601, 1628, 1470, 1623, 1622, 1515, 1519, 1535, 1513, 1612, 1384, 1378
17916, 1397, 1635, 1411, 1372, 1635, 1518, 1591, 1627, 1466, 1624, 1626, 1500, 1514, 1528, 1500, 1605, 1387, 1381
17965, 1402, 1635, 1409, 1373, 1633, 1514, 1581, 1626, 1461, 1626, 1630, 1488, 1509, 1521, 1489, 1597, 1390, 1385
18014, 1408, 1634, 1406, 1374, 1631, 1511, 1569, 1625, 1457, 1627, 1633, 1476, 1504, 1515, 1478, 1587, 1393, 1389
18062, 1414, 1634, 1404, 1375, 1628, 1508, 1557, 1624, 1452, 1628, 1636, 1465, 1498, 1508, 1467, 1578, 1397, 1393
18111, 1420, 1633, 1402, 1376, 1624, 1505, 1544, 1623, 1448, 1629, 1638, 1454, 1493, 1500, 1457, 1568, 1400, 1398
18159, 1427, 1633, 1400, 1377, 1620, 1501, 1531, 1622, 1443, 1631, 1639, 1443, 1488, 1492, 1447, 1557, 1404, 1403
18209, 1434, 1632, 1398, 1378, 1616, 1498, 1517, 1621, 1439, 1632, 1639, 1433, 1482, 1484, 1437, 1546, 1408, 1408
18257, 1441, 1632, 1396, 1379, 1612, 1495, 1500, 1620, 1435, 1633, 1639, 1423, 1477, 1477, 1427, 1534, 1412, 1413
18306, 1448, 1631, 1394, 1381, 1607, 1492, 1488, 1618, 1431, 1634, 1638, 1413, 1472, 1469, 1418, 1522, 1416, 1418
18354, 1455, 1630, 1392, 1382, 1601, 1488, 1477, 1617, 1427, 1635, 1637, 1404, 1466, 1462, 1410, 1500, 1420, 1424
18403, 1463, 1630, 1390, 1383, 1595, 1485, 1465, 1616, 1423, 1635, 1634, 1396, 1461, 1454, 1402, 1489, 1425, 1430
18452, 1470, 1629, 1388, 1385, 1589, 1482, 1454, 1614, 1419, 1636, 1631, 1389, 1456, 1447, 1394, 1478, 1429, 1436
18500, 1478, 1628, 1386, 1386, 1583, 1478, 1443, 1613, 1415, 1637, 1627, 1382, 1451, 1440, 1387, 1467, 1434, 1442
18550, 1486, 1628, 1384, 1387, 1577, 1475, 1433, 1612, 1412, 1637, 1623, 1376, 1446, 1433, 1381, 1457, 1438, 1448
18598, 1500, 1627, 1383, 1389, 1570, 1472, 1423, 1610, 1408, 1638, 1618, 1371, 1441, 1427, 1376, 1446, 1443, 1455
18647, 1507, 1626, 1381, 1390, 1563, 1469, 1414, 1609, 1404, 1638, 1612, 1367, 1436, 1420, 1371, 1436, 1448, 1461
18695, 1515, 1625, 1380, 1392, 1555, 1466, 1405, 1607, 1401, 1639, 1606, 1364, 1432, 1414, 1367, 1427, 1453, 1468
18744, 1523, 1625, 1378, 1393, 1548, 1462, 1397, 1606, 1398, 1639, 1599, 1361, 1427, 1408, 1364, 1418, 1458, 1475
18793, 1531, 1624, 1377, 1395, 1540, 1459, 1389, 1604, 1395, 1639, 1592, 1360, 1423, 1402, 1362, 1409, 1463, 1481
18841, 1539, 1623, 1375, 1396, 1532, 1456, 1383, 1603, 1392, 1639, 1584, 1360, 1418, 1397, 1360, 1401, 1468, 1488
18891, 1546, 1622, 1374, 1398, 1525, 1453, 1377, 1601, 1389, 1639, 1576, 1360, 1414, 1392, 1360, 1394, 1473, 1500
18939, 1554, 1621, 1373, 1399, 1517, 1450, 1372, 1600, 1386, 1639, 1567, 1362, 1410, 1387, 1360, 1387, 1478, 1508
18988, 1561, 1620, 1371, 1401, 1509, 1447, 1367, 1598, 1383, 1639, 1558, 1364, 1406, 1383, 1361, 1381, 1483, 1516
19036, 1568, 1619, 1370, 1403, 1500, 1444, 1364, 1596, 1381, 1639, 1549, 1367, 1402, 1379, 1363, 1375, 1488, 1524
19085, 1575, 1618, 1369, 1404, 1491, 1441, 1362, 1595, 1378, 1639, 1540, 1372, 1398, 1375, 1365, 1371, 1494, 1533
19134, 1582, 1618, 1368, 1406, 1483, 1438, 1360, 1593, 1376, 1639, 1530, 1377, 1394, 1372, 1369, 1367, 1500, 1541
19182, 1588, 1617, 1367, 1408, 1475, 1435, 1360, 1591, 1374, 1639, 1520, 1383, 1391, 1369, 1373, 1364, 1503, 1548
19232, 1594, 1616, 1366, 1409, 1467, 1432, 1360, 1590, 1372, 1638, 1510, 1390, 1388, 1366, 1378, 1361, 1507, 1556
19280, 1600, 1615, 1365, 1411, 1459, 1429, 1361, 1588, 1370, 1638, 1500, 1397, 1385, 1364, 1384, 1360, 1510, 1564
19329, 1605, 1614, 1364, 1413, 1451, 1426, 1364, 1586, 1368, 1637, 1488, 1405, 1382, 1362, 1390, 1360, 1514, 1571
19377, 1610, 1613, 1364, 1415, 1443, 1424, 1367, 1584, 1367, 1636, 1476, 1414, 1379, 1361, 1397, 1360, 1517, 1578
19426, 1615, 1611, 1363, 1417, 1435, 1421, 1371, 1582, 1365, 1636, 1465, 1424, 1376, 1360, 1405, 1361, 1521, 1585
19475, 1619, 1610, 1362, 1419, 1428, 1418, 1376, 1580, 1364, 1635, 1454, 1434, 1374, 1360, 1413, 1363, 1524, 1591
19523, 1623, 1609, 1362, 1420, 1421, 1416, 1382, 1579, 1363, 1634, 1443, 1444, 1371, 1360, 1422, 1366, 1528, 1597
19573, 1627, 1608, 1361, 1422, 1414, 1413, 1388, 1577, 1362, 1633, 1433, 1455, 1369, 1360, 1431, 1369, 1531, 1603
19621, 1630, 1607, 1361, 1424, 1408, 1410, 1396, 1575, 1361, 1632, 1423, 1466, 1368, 1361, 1441, 1374, 1534, 1609
19670, 1632, 1606, 1360, 1426, 1402, 1408, 1404, 1573, 1361, 1631, 1413, 1478, 1366, 1362, 1451, 1379, 1538, 1614
19718, 1635, 1605, 1360, 1428, 1396, 1405, 1412, 1571, 1360, 1630, 1404, 1489, 1364, 1363, 1461, 1385, 1541, 1618
19767, 1637, 1604, 1360, 1430, 1391, 1403, 1422, 1569, 1360, 1629, 1396, 1501, 1363, 1365, 1471, 1391, 1545, 1622
19816, 1638, 1602, 1360, 1432, 1386, 1401, 1431, 1567, 1360, 1628, 1389, 1513, 1362, 1368, 1482, 1399, 1548, 1626
19864, 1639, 1601, 1360, 1434, 1381, 1398, 1442, 1565, 1360, 1626, 1382, 1524, 1361, 1370, 1493, 1407, 1551, 1630
19913, 1639, 1600, 1360, 1436, 1377, 1396, 1452, 1563, 1360, 1625, 1376, 1535, 1360, 1374, 1504, 1415, 1554, 1632
19962, 1639, 1599, 1360, 1439, 1373, 1394, 1463, 1560, 1360, 1624, 1371, 1546, 1360, 1377, 1514, 1424, 1558, 1635
20011, 1639, 1597, 1360, 1441, 1370, 1392, 1475, 1558, 1360, 1622, 1367, 1557, 1360, 1381, 1525, 1433, 1561, 1637
20059, 1638, 1596, 1360, 1443, 1367, 1390, 1486, 1556, 1361, 1620, 1364, 1568, 1360, 1385, 1536, 1443, 1564, 1638
20108, 1637, 1595, 1360, 1445, 1364, 1388, 1498, 1554, 1362, 1619, 1361, 1578, 1360, 1390, 1546, 1453, 1567, 1639
20156, 1635, 1594, 1360, 1447, 1362, 1386, 1509, 1552, 1363, 1617, 1360, 1587, 1360, 1395, 1556, 1464, 1570, 1639
20205, 1633, 1592, 1361, 1449, 1361, 1384, 1521, 1550, 1364, 1615, 1360, 1596, 1360, 1400, 1566, 1474, 1573, 1639
20254, 1630, 1591, 1361, 1451, 1360, 1382, 1532, 1548, 1365, 1614, 1360, 1604, 1361, 1406, 1575, 1485, 1576, 1639
20303, 1627, 1589, 1361, 1453, 1360, 1380, 1543, 1546, 1366, 1612, 1362, 1611, 1362, 1411, 1584, 1496, 1579, 1638
20352, 1624, 1588, 1362, 1456, 1360, 1379, 1554, 1543, 1368, 1610, 1364, 1618, 1363, 1418, 1592, 1507, 1582, 1636
20400, 1620, 1587, 1363, 1458, 1360, 1377, 1564, 1541, 1369, 1608, 1368, 1624, 1365, 1424, 1600, 1518, 1585, 1634
20449, 1616, 1585, 1363, 1460, 1361, 1375, 1574, 1539, 1371, 1606, 1372, 1628, 1366, 1430, 1607, 1529, 1588, 1632
20497, 1611, 1584, 1364, 1462, 1363, 1374, 1584, 1537, 1373, 1604, 1377, 1633, 1368, 1437, 1614, 1539, 1590, 1629
20546, 1606, 1582, 1365, 1465, 1365, 1373, 1593, 1534, 1375, 1601, 1383, 1636, 1370, 1444, 1620, 1550, 1593, 1625
20595, 1601, 1581, 1366, 1467, 1367, 1371, 1601, 1532, 1378, 1599, 1390, 1638, 1372, 1451, 1625, 1560, 1595, 1621
20644, 1595, 1580, 1366, 1469, 1370, 1370, 1608, 1530, 1380, 1597, 1398, 1639, 1374, 1459, 1629, 1569, 1598, 1617
20693, 1589, 1578, 1367, 1471, 1373, 1369, 1615, 1528, 1382, 1595, 1406, 1639, 1377, 1466, 1633, 1578, 1600, 1612
20741, 1583, 1577, 1368, 1474, 1377, 1368, 1621, 1525, 1385, 1592, 1415, 1639, 1379, 1473, 1636, 1587, 1603, 1607
20790, 1576, 1575, 1369, 1476, 1382, 1367, 1627, 1523, 1388, 1590, 1425, 1637, 1382, 1481, 1638, 1595, 1605, 1602
20838, 1570, 1574, 1371, 1478, 1386, 1366, 1631, 1521, 1391, 1587, 1435, 1635, 1385, 1489, 1639, 1603, 1608, 1596
20887, 1562, 1572, 1372, 1480, 1391, 1365, 1635, 1519, 1394, 1585, 1445, 1631, 1388, 1496, 1639, 1610, 1610, 1590
20935, 1555, 1571, 1373, 1483, 1397, 1364, 1637, 1516, 1397, 1582, 1456, 1627, 1392, 1504, 1639, 1616, 1612, 1583
20985, 1548, 1569, 1374, 1485, 1403, 1363, 1639, 1514, 1400, 1580, 1467, 1621, 1395, 1512, 1638, 1622, 1614, 1576
21034, 1540, 1568, 1376, 1487, 1409, 1362, 1639, 1512, 1403, 1577, 1479, 1615, 1399, 1519, 1636, 1627, 1616, 1569
21082, 1533, 1566, 1377, 1490, 1415, 1362, 1639, 1509, 1407, 1575, 1490, 1608, 1402, 1527, 1633, 1631, 1618, 1562
21131, 1525, 1564, 1379, 1492, 1422, 1361, 1638, 1507, 1410, 1572, 1502, 1601, 1406, 1534, 1629, 1634, 1620, 1554
21179, 1517, 1563, 1380, 1494, 1429, 1361, 1636, 1505, 1414, 1569, 1513, 1592, 1410, 1542, 1624, 1637, 1621, 1547
21228, 1509, 1561, 1382, 1497, 1436, 1360, 1633, 1502, 1418, 1566, 1525, 1583, 1415, 1549, 1619, 1639, 1623, 1539
21276, 1501, 1560, 1383, 1500, 1444, 1360, 1629, 1500, 1422, 1564, 1536, 1574, 1419, 1556, 1613, 1639, 1625, 1531
21326, 1493, 1558, 1385, 1503, 1452, 1360, 1624, 1491, 1426, 1561, 1547, 1564, 1423, 1563, 1606, 1639, 1626, 1522
21374, 1485, 1556, 1387, 1507, 1460, 1360, 1618, 1483, 1430, 1558, 1558, 1553, 1428, 1570, 1599, 1639, 1628, 1514
21423, 1477, 1555, 1389, 1511, 1468, 1360, 1612, 1476, 1434, 1555, 1568, 1542, 1432, 1576, 1591, 1637, 1629, 1506
21472, 1469, 1553, 1391, 1514, 1476, 1360, 1605, 1468, 1438, 1552, 1578, 1531, 1437, 1582, 1583, 1634, 1630, 1497
21520, 1462, 1551, 1393, 1518, 1484, 1360, 1597, 1460, 1442, 1549, 1588, 1520, 1442, 1588, 1574, 1631, 1632, 1489
21569, 1454, 1550, 1395, 1522, 1492, 1360, 1588, 1452, 1447, 1546, 1596, 1500, 1447, 1594, 1564, 1627, 1633, 1481
21617, 1447, 1548, 1397, 1525, 1501, 1360, 1579, 1445, 1451, 1543, 1604, 1487, 1452, 1600, 1555, 1622, 1634, 1473
21667, 1439, 1546, 1399, 1529, 1509, 1360, 1569, 1438, 1455, 1540, 1612, 1475, 1457, 1605, 1544, 1616, 1635, 1464
21715, 1432, 1545, 1401, 1532, 1517, 1361, 1559, 1430, 1460, 1537, 1618, 1462, 1462, 1610, 1534, 1610, 1636, 1456
21764, 1425, 1543, 1403, 1536, 1525, 1361, 1548, 1424, 1464, 1534, 1624, 1450, 1467, 1614, 1523, 1603, 1636, 1449
21813, 1419, 1541, 1405, 1539, 1534, 1362, 1537, 1417, 1469, 1531, 1629, 1439, 1473, 1619, 1513, 1595, 1637, 1441
21861, 1412, 1540, 1407, 1543, 1542, 1362, 1526, 1411, 1473, 1528, 1633, 1428, 1478, 1622, 1500, 1587, 1638, 1433
21910, 1406, 1538, 1410, 1546, 1549, 1363, 1515, 1405, 1478, 1524, 1636, 1417, 1483, 1626, 1487, 1578, 1638, 1426
21958, 1401, 1536, 1412, 1550, 1557, 1364, 1500, 1399, 1483, 1521, 1638, 1407, 1488, 1629, 1476, 1569, 1639, 1419
22008, 1395, 1535, 1414, 1553, 1565, 1364, 1489, 1393, 1487, 1518, 1639, 1398, 1494, 1632, 1464, 1559, 1639, 1413
22056, 1390, 1533, 1417, 1557, 1572, 1365, 1478, 1388, 1492, 1515, 1639, 1390, 1500, 1634, 1452, 1549, 1639, 1406
22105, 1385, 1531, 1419, 1560, 1579, 1366, 1467, 1384, 1500, 1512, 1639, 1383, 1504, 1636, 1441, 1539, 1639, 1400
22153, 1381, 1529, 1422, 1563, 1586, 1367, 1456, 1379, 1503, 1509, 1637, 1376, 1508, 1637, 1430, 1528, 1639, 1394
22202, 1377, 1528, 1424, 1567, 1592, 1369, 1446, 1375, 1507, 1506, 1634, 1371, 1512, 1639, 1420, 1517, 1639, 1389
22251, 1373, 1526, 1427, 1570, 1598, 1370, 1436, 1372, 1511, 1500, 1631, 1366, 1516, 1639, 1411, 1500, 1639, 1384
22299, 1370, 1524, 1429, 1573, 1604, 1371, 1427, 1369, 1515, 1495, 1626, 1363, 1520, 1639, 1402, 1487, 1639, 1380
22349, 1367, 1522, 1432, 1576, 1609, 1372, 1417, 1366, 1518, 1491, 1621, 1361, 1524, 1639, 1393, 1475, 1639, 1376
22397, 1365, 1521, 1434, 1579, 1614, 1374, 1409, 1364, 1522, 1487, 1615, 1360, 1528, 1639, 1386, 1462, 1639, 1372
22446, 1363, 1519, 1437, 1582, 1619, 1375, 1401, 1362, 1526, 1483, 1607, 1360, 1532, 1638, 1379, 1450, 1638, 1369
22494, 1361, 1517, 1440, 1585, 1623, 1377, 1393, 1361, 1530, 1479, 1600, 1361, 1536, 1636, 1374, 1439, 1638, 1366
22543, 1360, 1515, 1443, 1588, 1627, 1378, 1386, 1360, 1533, 1475, 1591, 1363, 1540, 1635, 1369, 1428, 1637, 1364
22592, 1360, 1514, 1445, 1591, 1630, 1380, 1380, 1360, 1537, 1471, 1582, 1366, 1544, 1632, 1365, 1417, 1636, 1362
22640, 1360, 1512, 1448, 1594, 1633, 1382, 1375, 1360, 1541, 1467, 1573, 1371, 1548, 1630, 1362, 1408, 1635, 1361
22690, 1360, 1510, 1451, 1596, 1635, 1384, 1370, 1360, 1544, 1463, 1562, 1376, 1552, 1627, 1360, 1398, 1635, 1360
22738, 1361, 1508, 1454, 1599, 1637, 1386, 1366, 1361, 1548, 1459, 1552, 1382, 1555, 1623, 1360, 1390, 1634, 1360
22787, 1362, 1506, 1457, 1601, 1638, 1387, 1363, 1362, 1551, 1455, 1541, 1390, 1559, 1620, 1360, 1383, 1632, 1360
22835, 1363, 1505, 1459, 1604, 1639, 1389, 1361, 1364, 1555, 1451, 1530, 1398, 1563, 1615, 1361, 1376, 1631, 1360
22884, 1366, 1503, 1462, 1606, 1639, 1392, 1360, 1367, 1558, 1448, 1518, 1407, 1566, 1611, 1363, 1371, 1630, 1362
22933, 1368, 1500, 1465, 1609, 1639, 1394, 1360, 1369, 1562, 1444, 1500, 1417, 1570, 1606, 1367, 1366, 1629, 1363
22981, 1371, 1496, 1468, 1611, 1639, 1396, 1360, 1373, 1565, 1440, 1489, 1427, 1573, 1601, 1371, 1363, 1627, 1365
23031, 1374, 1492, 1471, 1613, 1638, 1398, 1361, 1376, 1568, 1436, 1478, 1438, 1577, 1596, 1376, 1361, 1626, 1368
23079, 1378, 1488, 1474, 1615, 1636, 1400, 1363, 1380, 1572, 1433, 1468, 1450, 1580, 1590, 1382, 1360, 1624, 1371
23128, 1382, 1484, 1477, 1617, 1634, 1403, 1366, 1385, 1575, 1429, 1457, 1462, 1584, 1584, 1389, 1360, 1623, 1375
23176, 1387, 1480, 1480, 1619, 1632, 1405, 1370, 1389, 1578, 1426, 1447, 1474, 1587, 1578, 1397, 1361, 1621, 1379
23225, 1392, 1476, 1483, 1621, 1629, 1408, 1374, 1394, 1581, 1422, 1438, 1486, 1590, 1571, 1406, 1363, 1619, 1383
23273, 1397, 1472, 1486, 1623, 1625, 1410, 1380, 1400, 1584, 1419, 1428, 1499, 1593, 1565, 1415, 1366, 1617, 1388
23322, 1403, 1468, 1489, 1625, 1621, 1413, 1386, 1406, 1587, 1416, 1419, 1512, 1596, 1558, 1425, 1371, 1615, 1393
23372, 1409, 1464, 1492, 1626, 1617, 1415, 1393, 1412, 1590, 1412, 1411, 1524, 1599, 1551, 1435, 1376, 1613, 1399
23420, 1415, 1461, 1495, 1628, 1612, 1418, 1400, 1418, 1593, 1409, 1403, 1536, 1602, 1544, 1446, 1382, 1611, 1405
23469, 1421, 1457, 1500, 1629, 1607, 1420, 1408, 1425, 1596, 1406, 1395, 1548, 1605, 1536, 1457, 1390, 1609, 1411
23517, 1428, 1453, 1503, 1631, 1601, 1423, 1417, 1432, 1598, 1403, 1389, 1560, 1607, 1529, 1469, 1398, 1607, 1418
23566, 1435, 1449, 1507, 1632, 1596, 1426, 1426, 1439, 1601, 1400, 1382, 1571, 1610, 1521, 1481, 1407, 1605, 1424
24184, 1434, 1449, 1506, 1631, 1596, 1425, 1425, 1438, 1600, 1400, 1382, 1570, 1609, 1521, 1480, 1406, 1605, 1423
24233, 1442, 1445, 1510, 1632, 1590, 1428, 1435, 1446, 1603, 1397, 1376, 1581, 1612, 1513, 1492, 1416, 1603, 1430
24282, 1449, 1441, 1514, 1633, 1585, 1432, 1445, 1453, 1606, 1394, 1370, 1590, 1615, 1505, 1505, 1426, 1600, 1436
24330, 1456, 1437, 1518, 1634, 1579, 1435, 1455, 1460, 1609, 1391, 1366, 1600, 1618, 1496, 1517, 1437, 1598, 1442
24379, 1464, 1433, 1522, 1635, 1573, 1438, 1465, 1468, 1611, 1388, 1363, 1608, 1620, 1488, 1529, 1449, 1596, 1449
24427, 1472, 1429, 1526, 1636, 1567, 1441, 1476, 1476, 1614, 1386, 1361, 1615, 1622, 1480, 1541, 1461, 1594, 1456
24476, 1480, 1426, 1530, 1636, 1561, 1444, 1487, 1484, 1616, 1384, 1360, 1622, 1625, 1472, 1552, 1473, 1592, 1463
24525, 1488, 1422, 1534, 1637, 1555, 1448, 1497, 1491, 1619, 1381, 1360, 1627, 1627, 1464, 1563, 1485, 1589, 1470
24574, 1496, 1419, 1538, 1637, 1548, 1451, 1508, 1499, 1621, 1379, 1361, 1632, 1629, 1456, 1574, 1498, 1587, 1477
24622, 1504, 1415, 1542, 1638, 1541, 1454, 1519, 1507, 1623, 1377, 1363, 1635, 1630, 1449, 1584, 1510, 1584, 1484
24671, 1512, 1412, 1546, 1638, 1535, 1458, 1530, 1515, 1625, 1375, 1366, 1638, 1632, 1441, 1593, 1523, 1582, 1492
24720, 1520, 1408, 1549, 1639, 1528, 1461, 1540, 1523, 1627, 1373, 1370, 1639, 1633, 1434, 1602, 1535, 1579, 1499
24768, 1528, 1405, 1553, 1639, 1521, 1465, 1551, 1531, 1628, 1371, 1375, 1639, 1635, 1427, 1610, 1547, 1577, 1506
24817, 1536, 1402, 1557, 1639, 1514, 1468, 1561, 1538, 1630, 1370, 1381, 1639, 1636, 1420, 1617, 1559, 1574, 1513
24866, 1543, 1399, 1560, 1639, 1507, 1472, 1570, 1546, 1632, 1368, 1388, 1637, 1637, 1414, 1623, 1570, 1572, 1521
24915, 1551, 1396, 1564, 1639, 1500, 1475, 1579, 1553, 1633, 1367, 1396, 1634, 1638, 1407, 1628, 1580, 1569, 1528
24963, 1558, 1393, 1567, 1639, 1493, 1479, 1588, 1560, 1634, 1365, 1404, 1629, 1638, 1401, 1633, 1590, 1566, 1535
25012, 1565, 1391, 1571, 1639, 1486, 1482, 1596, 1567, 1635, 1364, 1414, 1624, 1639, 1396, 1636, 1600, 1564, 1542
25061, 1572, 1388, 1574, 1639, 1479, 1486, 1604, 1574, 1636, 1363, 1424, 1618, 1639, 1390, 1638, 1608, 1561, 1549
25109, 1579, 1385, 1578, 1639, 1472, 1489, 1611, 1581, 1637, 1362, 1434, 1611, 1639, 1385, 1639, 1615, 1558, 1555
25158, 1586, 1383, 1581, 1639, 1465, 1493, 1617, 1587, 1638, 1362, 1445, 1603, 1639, 1381, 1639, 1622, 1555, 1562
25207, 1592, 1381, 1584, 1639, 1458, 1496, 1622, 1593, 1638, 1361, 1456, 1594, 1639, 1377, 1638, 1628, 1553, 1568
25256, 1598, 1379, 1587, 1639, 1452, 1500, 1627, 1599, 1639, 1360, 1468, 1585, 1639, 1373, 1636, 1632, 1550, 1575
25304, 1603, 1376, 1590, 1638, 1445, 1503, 1631, 1604, 1639, 1360, 1480, 1575, 1639, 1370, 1633, 1636, 1547, 1581
25353, 1608, 1374, 1593, 1638, 1439, 1507, 1635, 1609, 1639, 1360, 1500, 1564, 1638, 1367, 1629, 1638, 1544, 1587
25401, 1613, 1373, 1596, 1637, 1432, 1510, 1637, 1614, 1639, 1360, 1511, 1552, 1637, 1365, 1624, 1639, 1541, 1592
25450, 1618, 1371, 1599, 1637, 1426, 1514, 1639, 1618, 1639, 1360, 1523, 1541, 1636, 1363, 1618, 1639, 1538, 1597
25499, 1622, 1369, 1602, 1636, 1420, 1518, 1639, 1622, 1639, 1360, 1535, 1529, 1635, 1361, 1611, 1638, 1535, 1603
25548, 1626, 1368, 1605, 1635, 1415, 1521, 1639, 1626, 1639, 1360, 1546, 1516, 1634, 1360, 1604, 1636, 1532, 1607
25597, 1629, 1366, 1607, 1635, 1409, 1525, 1638, 1629, 1639, 1360, 1557, 1500, 1633, 1360, 1595, 1633, 1529, 1612
25645, 1632, 1365, 1610, 1634, 1404, 1528, 1637, 1632, 1638, 1361, 1568, 1487, 1631, 1360, 1586, 1629, 1526, 1616
25694, 1634, 1364, 1612, 1633, 1399, 1532, 1634, 1634, 1637, 1361, 1578, 1474, 1629, 1360, 1576, 1624, 1523, 1620
25742, 1636, 1363, 1615, 1632, 1394, 1535, 1631, 1636, 1636, 1362, 1587, 1462, 1627, 1361, 1566, 1617, 1520, 1623
25791, 1638, 1362, 1617, 1631, 1390, 1538, 1627, 1638, 1635, 1363, 1596, 1450, 1625, 1362, 1555, 1610, 1517, 1627
25840, 1639, 1361, 1619, 1630, 1385, 1542, 1622, 1639, 1634, 1364, 1604, 1439, 1623, 1364, 1543, 1602, 1514, 1629
25889, 1639, 1361, 1621, 1629, 1381, 1545, 1616, 1639, 1633, 1365, 1612, 1428, 1621, 1366, 1531, 1593, 1511, 1632
25938, 1639, 1360, 1623, 1628, 1378, 1549, 1609, 1639, 1632, 1366, 1618, 1417, 1619, 1369, 1519, 1583, 1508, 1634
25986, 1639, 1360, 1625, 1627, 1375, 1552, 1602, 1639, 1630, 1368, 1624, 1407, 1616, 1372, 1500, 1573, 1505, 1636
26035, 1638, 1360, 1626, 1625, 1371, 1555, 1595, 1639, 1629, 1369, 1629, 1398, 1613, 1376, 1488, 1562, 1502, 1637
26083, 1637, 1360, 1628, 1624, 1369, 1558, 1587, 1637, 1627, 1371, 1633, 1390, 1611, 1380, 1477, 1550, 1499, 1638
26132, 1636, 1360, 1630, 1623, 1366, 1562, 1578, 1636, 1625, 1372, 1636, 1382, 1608, 1384, 1466, 1539, 1496, 1639
26181, 1633, 1360, 1631, 1621, 1364, 1565, 1568, 1634, 1623, 1374, 1638, 1376, 1604, 1389, 1455, 1526, 1493, 1639
26230, 1631, 1360, 1632, 1620, 1363, 1568, 1559, 1631, 1621, 1376, 1639, 1371, 1601, 1394, 1444, 1514, 1490, 1639
26279, 1628, 1360, 1634, 1618, 1361, 1571, 1549, 1628, 1619, 1378, 1639, 1366, 1598, 1399, 1434, 1500, 1487, 1639
26327, 1624, 1361, 1635, 1617, 1360, 1574, 1538, 1625, 1617, 1380, 1638, 1363, 1595, 1405, 1424, 1487, 1484, 1638
26376, 1621, 1362, 1636, 1615, 1360, 1577, 1528, 1622, 1615, 1382, 1637, 1361, 1591, 1411, 1415, 1475, 1481, 1637
26424, 1616, 1362, 1637, 1614, 1360, 1580, 1517, 1617, 1612, 1385, 1634, 1360, 1587, 1418, 1406, 1463, 1478, 1635
26473, 1612, 1363, 1637, 1612, 1360, 1583, 1500, 1613, 1610, 1387, 1630, 1360, 1584, 1425, 1398, 1451, 1475, 1633
26521, 1607, 1364, 1638, 1610, 1360, 1586, 1488, 1608, 1607, 1390, 1625, 1361, 1580, 1432, 1390, 1439, 1472, 1631
26571, 1601, 1366, 1638, 1608, 1361, 1589, 1477, 1603, 1604, 1393, 1619, 1363, 1576, 1439, 1384, 1429, 1469, 1629
26620, 1596, 1367, 1639, 1606, 1362, 1591, 1466, 1598, 1601, 1395, 1613, 1367, 1572, 1446, 1378, 1418, 1466, 1626
26668, 1590, 1368, 1639, 1605, 1363, 1594, 1456, 1592, 1598, 1398, 1605, 1371, 1568, 1454, 1372, 1408, 1463, 1622
26717, 1584, 1370, 1639, 1603, 1365, 1597, 1445, 1586, 1595, 1401, 1597, 1377, 1564, 1462, 1368, 1399, 1460, 1619
26765, 1577, 1372, 1639, 1601, 1367, 1599, 1435, 1579, 1592, 1404, 1588, 1383, 1559, 1470, 1365, 1391, 1457, 1615
26814, 1570, 1373, 1639, 1599, 1370, 1602, 1426, 1573, 1589, 1407, 1579, 1390, 1555, 1478, 1362, 1384, 1454, 1610
26862, 1563, 1375, 1639, 1597, 1373, 1604, 1416, 1566, 1585, 1411, 1569, 1399, 1551, 1486, 1360, 1377, 1451, 1606
26912, 1556, 1377, 1639, 1594, 1376, 1606, 1408, 1559, 1582, 1414, 1558, 1408, 1546, 1500, 1360, 1372, 1448, 1601
26961, 1548, 1379, 1639, 1592, 1379, 1609, 1400, 1552, 1579, 1417, 1547, 1418, 1542, 1507, 1360, 1367, 1445, 1596
27009, 1541, 1382, 1638, 1590, 1383, 1611, 1392, 1544, 1575, 1421, 1536, 1428, 1537, 1514, 1361, 1364, 1442, 1590
27058, 1533, 1384, 1638, 1588, 1387, 1613, 1385, 1537, 1571, 1424, 1524, 1439, 1532, 1521, 1363, 1361, 1440, 1585
27106, 1525, 1386, 1637, 1586, 1391, 1615, 1379, 1529, 1568, 1428, 1513, 1451, 1528, 1528, 1366, 1360, 1437, 1579
27155, 1517, 1389, 1636, 1583, 1396, 1617, 1374, 1521, 1564, 1432, 1501, 1463, 1523, 1535, 1369, 1360, 1434, 1573
27203, 1509, 1392, 1635, 1581, 1401, 1619, 1369, 1514, 1560, 1435, 1489, 1475, 1518, 1542, 1374, 1360, 1431, 1566
27253, 1500, 1395, 1634, 1578, 1406, 1621, 1366, 1500, 1556, 1439, 1477, 1488, 1514, 1548, 1379, 1362, 1429, 1560
27301, 1491, 1397, 1633, 1576, 1411, 1622, 1363, 1492, 1552, 1443, 1466, 1500, 1509, 1555, 1386, 1365, 1426, 1553
27350, 1483, 1400, 1632, 1574, 1417, 1624, 1361, 1485, 1548, 1447, 1454, 1513, 1504, 1562, 1393, 1369, 1424, 1546
27399, 1475, 1403, 1630, 1571, 1423, 1626, 1360, 1477, 1544, 1451, 1443, 1525, 1500, 1568, 1400, 1375, 1421, 1539
27447, 1466, 1407, 1629, 1569, 1429, 1627, 1360, 1470, 1540, 1455, 1433, 1538, 1496, 1574, 1409, 1381, 1419, 1532
27496, 1458, 1410, 1627, 1566, 1435, 1629, 1360, 1463, 1536, 1459, 1422, 1550, 1492, 1580, 1418, 1388, 1416, 1525
27544, 1450, 1413, 1625, 1563, 1441, 1630, 1362, 1455, 1532, 1463, 1413, 1561, 1488, 1586, 1427, 1395, 1414, 1518
27593, 1443, 1417, 1624, 1561, 1448, 1631, 1364, 1448, 1528, 1467, 1404, 1572, 1484, 1591, 1437, 1404, 1411, 1511
27642, 1435, 1420, 1622, 1558, 1454, 1632, 1367, 1441, 1524, 1471, 1396, 1583, 1480, 1597, 1447, 1414, 1409, 1500
27691, 1428, 1424, 1620, 1556, 1461, 1633, 1371, 1435, 1519, 1475, 1388, 1592, 1476, 1602, 1458, 1424, 1407, 1492
27740, 1421, 1427, 1618, 1553, 1468, 1634, 1376, 1428, 1515, 1479, 1381, 1602, 1472, 1606, 1469, 1434, 1404, 1484
27788, 1414, 1431, 1616, 1550, 1475, 1635, 1382, 1422, 1511, 1483, 1375, 1610, 1469, 1611, 1480, 1446, 1402, 1476
27837, 1408, 1435, 1613, 1547, 1482, 1636, 1388, 1416, 1507, 1488, 1370, 1617, 1465, 1615, 1492, 1457, 1400, 1468
27885, 1401, 1438, 1611, 1545, 1489, 1637, 1395, 1410, 1500, 1492, 1366, 1623, 1461, 1619, 1503, 1469, 1398, 1460
27934, 1396, 1442, 1608, 1542, 1500, 1638, 1403, 1404, 1496, 1500, 1363, 1629, 1457, 1622, 1514, 1482, 1396, 1453
27983, 1390, 1446, 1606, 1539, 1507, 1638, 1411, 1399, 1492, 1503, 1361, 1633, 1454, 1626, 1526, 1494, 1394, 1445
28032, 1385, 1450, 1603, 1536, 1515, 1639, 1420, 1394, 1488, 1507, 1360, 1636, 1450, 1629, 1537, 1506, 1392, 1438
28081, 1381, 1454, 1600, 1533, 1523, 1639, 1430, 1389, 1484, 1511, 1360, 1638, 1446, 1631, 1548, 1519, 1390, 1431
28129, 1376, 1458, 1598, 1531, 1530, 1639, 1440, 1385, 1480, 1514, 1360, 1639, 1443, 1633, 1558, 1531, 1388, 1424
28178, 1373, 1462, 1595, 1528, 1538, 1639, 1450, 1381, 1476, 1518, 1362, 1639, 1439, 1635, 1568, 1543, 1386, 1418
28226, 1369, 1467, 1592, 1525, 1545, 1639, 1460, 1377, 1472, 1522, 1365, 1638, 1436, 1637, 1578, 1554, 1384, 1411
28275, 1366, 1471, 1589, 1522, 1552, 1639, 1471, 1373, 1469, 1525, 1369, 1636, 1432, 1638, 1587, 1566, 1383, 1405
28324, 1364, 1475, 1586, 1519, 1560, 1639, 1482, 1370, 1465, 1529, 1374, 1632, 1429, 1639, 1596, 1576, 1381, 1400
28373, 1362, 1479, 1582, 1516, 1566, 1639, 1493, 1368, 1461, 1533, 1379, 1628, 1425, 1639, 1604, 1586, 1379, 1394
28421, 1361, 1483, 1579, 1513, 1573, 1639, 1504, 1365, 1457, 1536, 1386, 1622, 1422, 1639, 1611, 1596, 1378, 1389
28470, 1360, 1488, 1576, 1510, 1580, 1639, 1515, 1363, 1454, 1540, 1393, 1615, 1419, 1639, 1617, 1604, 1376, 1384
28519, 1360, 1492, 1572, 1508, 1586, 1638, 1526, 1362, 1450, 1543, 1401, 1608, 1416, 1639, 1623, 1612, 1375, 1380
28567, 1360, 1500, 1569, 1505, 1592, 1638, 1537, 1361, 1446, 1547, 1410, 1600, 1413, 1638, 1628, 1619, 1373, 1376
28616, 1360, 1503, 1565, 1500, 1598, 1637, 1548, 1360, 1443, 1550, 1419, 1590, 1410, 1636, 1632, 1625, 1372, 1373
28665, 1361, 1507, 1562, 1496, 1603, 1636, 1558, 1360, 1439, 1554, 1429, 1580, 1407, 1635, 1635, 1630, 1371, 1369
28714, 1363, 1510, 1558, 1492, 1608, 1636, 1568, 1360, 1436, 1557, 1440, 1570, 1404, 1633, 1638, 1634, 1370, 1367
28762, 1365, 1514, 1555, 1488, 1613, 1635, 1577, 1360, 1432, 1561, 1450, 1559, 1401, 1630, 1639, 1637, 1369, 1364
28811, 1368, 1517, 1551, 1484, 1617, 1634, 1586, 1361, 1429, 1564, 1462, 1547, 1398, 1627, 1639, 1639, 1368, 1363
28859, 1371, 1521, 1547, 1480, 1621, 1633, 1595, 1362, 1426, 1567, 1473, 1535, 1396, 1624, 1639, 1639, 1367, 1361
28908, 1374, 1525, 1543, 1477, 1625, 1631, 1603, 1364, 1422, 1571, 1485, 1523, 1393, 1621, 1638, 1639, 1366, 1360
28957, 1378, 1528, 1540, 1473, 1628, 1630, 1610, 1366, 1419, 1574, 1500, 1500, 1391, 1617, 1635, 1638, 1365, 1360
29006, 1382, 1532, 1536, 1469, 1631, 1629, 1616, 1368, 1416, 1577, 1511, 1488, 1388, 1613, 1632, 1635, 1364, 1360
29055, 1387, 1535, 1532, 1465, 1633, 1628, 1622, 1371, 1413, 1580, 1523, 1477, 1386, 1609, 1628, 1632, 1363, 1360
29103, 1392, 1539, 1528, 1462, 1635, 1626, 1627, 1374, 1410, 1583, 1534, 1466, 1384, 1604, 1623, 1627, 1363, 1361
29152, 1398, 1542, 1524, 1458, 1637, 1624, 1631, 1378, 1407, 1586, 1545, 1455, 1381, 1599, 1618, 1621, 1362, 1362
29200, 1404, 1546, 1520, 1454, 1638, 1623, 1635, 1381, 1404, 1589, 1556, 1445, 1379, 1594, 1611, 1615, 1361, 1364
29249, 1410, 1549, 1516, 1451, 1639, 1621, 1637, 1386, 1401, 1592, 1567, 1435, 1377, 1589, 1604, 1607, 1361, 1366
29298, 1417, 1552, 1512, 1447, 1639, 1619, 1639, 1390, 1398, 1594, 1577, 1425, 1376, 1583, 1596, 1599, 1361, 1368
29347, 1424, 1556, 1508, 1444, 1639, 1617, 1639, 1395, 1396, 1597, 1586, 1416, 1374, 1577, 1588, 1590, 1360, 1371
29396, 1431, 1559, 1504, 1440, 1639, 1615, 1639, 1400, 1393, 1600, 1595, 1407, 1372, 1571, 1578, 1580, 1360, 1375
29444, 1438, 1562, 1500, 1437, 1638, 1613, 1638, 1405, 1391, 1602, 1603, 1399, 1371, 1565, 1569, 1569, 1360, 1379
29493, 1446, 1565, 1496, 1433, 1637, 1611, 1636, 1411, 1388, 1605, 1611, 1391, 1369, 1559, 1559, 1558, 1360, 1383
29541, 1454, 1569, 1492, 1430, 1635, 1609, 1634, 1417, 1386, 1607, 1617, 1385, 1368, 1552, 1548, 1547, 1360, 1387
29590, 1462, 1572, 1489, 1427, 1633, 1607, 1630, 1423, 1384, 1610, 1623, 1378, 1366, 1546, 1537, 1535, 1360, 1392
29638, 1470, 1575, 1485, 1423, 1630, 1605, 1626, 1430, 1382, 1612, 1628, 1373, 1365, 1539, 1526, 1523, 1360, 1398
29688, 1478, 1578, 1481, 1420, 1627, 1602, 1620, 1436, 1379, 1614, 1632, 1369, 1364, 1532, 1515, 1500, 1360, 1403
29737, 1486, 1581, 1478, 1417, 1624, 1600, 1614, 1443, 1378, 1616, 1636, 1365, 1363, 1525, 1500, 1488, 1360, 1409
29785, 1494, 1584, 1474, 1414, 1620, 1597, 1608, 1450, 1376, 1618, 1638, 1362, 1362, 1518, 1487, 1477, 1360, 1415
29834, 1503, 1586, 1471, 1411, 1616, 1595, 1600, 1457, 1374, 1620, 1639, 1361, 1362, 1511, 1475, 1466, 1360, 1422
29882, 1511, 1589, 1467, 1408, 1611, 1592, 1592, 1464, 1372, 1622, 1639, 1360, 1361, 1504, 1462, 1456, 1361, 1428
29931, 1519, 1592, 1463, 1405, 1606, 1589, 1584, 1471, 1371, 1624, 1639, 1360, 1361, 1496, 1450, 1445, 1361, 1435
29979, 1528, 1595, 1460, 1402, 1601, 1587, 1575, 1479, 1369, 1625, 1637, 1360, 1360, 1489, 1439, 1435, 1362, 1443
30029, 1536, 1597, 1456, 1400, 1596, 1584, 1565, 1486, 1368, 1627, 1635, 1362, 1360, 1482, 1428, 1425, 1362, 1450
30077, 1544, 1600, 1453, 1397, 1590, 1581, 1555, 1494, 1367, 1628, 1631, 1365, 1360, 1475, 1417, 1416, 1363, 1457
30126, 1552, 1602, 1450, 1394, 1584, 1578, 1545, 1501, 1365, 1630, 1627, 1368, 1360, 1468, 1408, 1407, 1364, 1465
30175, 1559, 1605, 1446, 1392, 1578, 1575, 1534, 1509, 1364, 1631, 1621, 1373, 1360, 1461, 1398, 1399, 1365, 1473
30223, 1567, 1607, 1443, 1389, 1571, 1572, 1523, 1516, 1363, 1632, 1615, 1378, 1360, 1454, 1390, 1392, 1365, 1481
30272, 1574, 1609, 1440, 1387, 1564, 1569, 1512, 1523, 1362, 1634, 1608, 1384, 1360, 1448, 1383, 1385, 1366, 1489
30320, 1581, 1612, 1436, 1385, 1557, 1566, 1500, 1531, 1362, 1635, 1601, 1390, 1360, 1441, 1376, 1379, 1367, 1497
30370, 1588, 1614, 1433, 1383, 1550, 1563, 1487, 1538, 1361, 1636, 1592, 1398, 1361, 1435, 1371, 1374, 1368, 1504
30418, 1594, 1616, 1430, 1381, 1543, 1559, 1475, 1545, 1361, 1636, 1583, 1406, 1361, 1428, 1366, 1369, 1369, 1512
30467, 1600, 1618, 1427, 1379, 1535, 1556, 1464, 1552, 1360, 1637, 1574, 1415, 1362, 1422, 1363, 1365, 1371, 1520
30516, 1606, 1620, 1424, 1377, 1528, 1553, 1452, 1559, 1360, 1638, 1563, 1424, 1363, 1416, 1361, 1363, 1372, 1528
30564, 1611, 1621, 1421, 1375, 1520, 1550, 1441, 1566, 1360, 1638, 1553, 1433, 1364, 1411, 1360, 1361, 1373, 1536
30613, 1616, 1623, 1418, 1373, 1513, 1546, 1430, 1572, 1360, 1639, 1542, 1444, 1365, 1405, 1360, 1360, 1375, 1543
30661, 1620, 1625, 1415, 1372, 1505, 1543, 1420, 1578, 1360, 1639, 1531, 1454, 1366, 1400, 1361, 1360, 1376, 1551
30711, 1624, 1626, 1412, 1370, 1497, 1539, 1410, 1585, 1360, 1639, 1519, 1465, 1367, 1395, 1363, 1360, 1377, 1558
30759, 1628, 1628, 1409, 1369, 1489, 1536, 1401, 1590, 1360, 1639, 1508, 1476, 1368, 1391, 1366, 1362, 1379, 1565
30808, 1631, 1629, 1406, 1367, 1482, 1533, 1393, 1596, 1360, 1640, 1496, 1487, 1370, 1386, 1371, 1364, 1381, 1572
30856, 1634, 1631, 1404, 1366, 1474, 1529, 1386, 1601, 1361, 1639, 1484, 1498, 1371, 1382, 1376, 1368, 1382, 1579
30905, 1636, 1632, 1401, 1365, 1466, 1526, 1379, 1606, 1361, 1639, 1473, 1509, 1373, 1379, 1382, 1372, 1384, 1585
30954, 1637, 1633, 1398, 1364, 1459, 1522, 1373, 1611, 1362, 1639, 1461, 1521, 1374, 1375, 1390, 1377, 1386, 1591
31002, 1639, 1634, 1396, 1363, 1452, 1519, 1369, 1615, 1363, 1639, 1450, 1532, 1376, 1372, 1398, 1383, 1387, 1597
31052, 1639, 1635, 1394, 1362, 1444, 1515, 1365, 1619, 1363, 1638, 1440, 1543, 1378, 1369, 1407, 1389, 1389, 1603
31100, 1639, 1636, 1391, 1362, 1437, 1511, 1362, 1623, 1364, 1638, 1429, 1553, 1380, 1367, 1417, 1397, 1391, 1608
31149, 1639, 1637, 1389, 1361, 1430, 1508, 1360, 1626, 1366, 1637, 1419, 1563, 1382, 1365, 1427, 1405, 1393, 1613
31197, 1638, 1637, 1387, 1360, 1424, 1504, 1360, 1629, 1367, 1636, 1410, 1573, 1384, 1363, 1438, 1413, 1395, 1617
31246, 1637, 1638, 1385, 1360, 1417, 1500, 1360, 1632, 1368, 1635, 1401, 1582, 1387, 1362, 1450, 1422, 1397, 1621
31295, 1635, 1638, 1383, 1360, 1411, 1496, 1361, 1634, 1369, 1635, 1393, 1591, 1389, 1361, 1462, 1432, 1399, 1625
31343, 1633, 1639, 1381, 1360, 1405, 1492, 1364, 1636, 1371, 1634, 1386, 1599, 1391, 1360, 1474, 1442, 1402, 1628
31393, 1630, 1639, 1379, 1360, 1400, 1488, 1367, 1637, 1372, 1632, 1380, 1607, 1394, 1360, 1486, 1452, 1404, 1631
31441, 1627, 1639, 1377, 1360, 1394, 1484, 1371, 1639, 1374, 1631, 1374, 1614, 1396, 1360, 1499, 1463, 1406, 1634
32059, 1627, 1638, 1377, 1500, 1394, 1484, 1370, 1638, 1373, 1631, 1374, 1613, 1395, 1360, 1498, 1462, 1405, 1633
32107, 1623, 1639, 1375, 1495, 1388, 1480, 1375, 1639, 1376, 1629, 1369, 1620, 1397, 1360, 1511, 1473, 1407, 1636
32156, 1619, 1639, 1373, 1491, 1383, 1476, 1381, 1639, 1378, 1628, 1365, 1625, 1400, 1360, 1524, 1485, 1410, 1638
32205, 1615, 1639, 1371, 1487, 1378, 1472, 1387, 1638, 1380, 1627, 1362, 1630, 1402, 1360, 1537, 1496, 1412, 1639
32254, 1611, 1639, 1370, 1483, 1374, 1468, 1395, 1636, 1383, 1626, 1360, 1633, 1404, 1361, 1549, 1508, 1414, 1639
32302, 1606, 1639, 1368, 1478, 1370, 1464, 1402, 1633, 1386, 1625, 1360, 1636, 1406, 1362, 1561, 1519, 1416, 1639
32351, 1601, 1639, 1367, 1474, 1367, 1460, 1411, 1628, 1388, 1623, 1360, 1638, 1408, 1363, 1573, 1531, 1418, 1639
32400, 1596, 1639, 1366, 1470, 1365, 1456, 1420, 1623, 1391, 1622, 1362, 1639, 1411, 1365, 1583, 1542, 1420, 1637
32448, 1590, 1639, 1364, 1466, 1362, 1452, 1430, 1617, 1394, 1621, 1364, 1639, 1413, 1366, 1593, 1553, 1423, 1636
32497, 1584, 1639, 1363, 1462, 1361, 1449, 1440, 1609, 1398, 1619, 1368, 1639, 1416, 1368, 1603, 1563, 1425, 1633
32546, 1578, 1639, 1362, 1458, 1360, 1445, 1450, 1601, 1401, 1617, 1373, 1637, 1418, 1370, 1611, 1573, 1427, 1630
32595, 1572, 1639, 1362, 1454, 1360, 1441, 1461, 1593, 1404, 1616, 1379, 1634, 1420, 1373, 1618, 1583, 1430, 1626
32643, 1565, 1639, 1361, 1450, 1360, 1438, 1472, 1583, 1408, 1614, 1386, 1631, 1423, 1375, 1625, 1592, 1432, 1622
32692, 1558, 1639, 1361, 1446, 1360, 1434, 1484, 1573, 1412, 1613, 1394, 1626, 1425, 1378, 1630, 1600, 1434, 1617
32741, 1551, 1639, 1360, 1442, 1362, 1430, 1495, 1562, 1415, 1611, 1403, 1621, 1428, 1381, 1634, 1608, 1437, 1612
32789, 1544, 1638, 1360, 1438, 1363, 1427, 1506, 1551, 1419, 1609, 1412, 1615, 1431, 1384, 1637, 1615, 1439, 1606
32838, 1537, 1638, 1360, 1435, 1366, 1424, 1518, 1539, 1423, 1607, 1422, 1608, 1433, 1387, 1639, 1621, 1442, 1600
32887, 1530, 1638, 1360, 1431, 1369, 1420, 1529, 1527, 1427, 1605, 1433, 1600, 1436, 1390, 1639, 1626, 1444, 1593
32936, 1522, 1637, 1360, 1427, 1372, 1417, 1540, 1515, 1431, 1603, 1445, 1592, 1439, 1394, 1639, 1631, 1447, 1586
32984, 1515, 1637, 1360, 1424, 1376, 1414, 1551, 1500, 1435, 1601, 1456, 1583, 1441, 1397, 1637, 1634, 1449, 1578
33033, 1507, 1636, 1360, 1420, 1380, 1411, 1561, 1492, 1440, 1599, 1469, 1574, 1444, 1401, 1634, 1637, 1452, 1571
33081, 1500, 1636, 1360, 1417, 1385, 1408, 1571, 1484, 1444, 1597, 1481, 1564, 1447, 1405, 1630, 1639, 1454, 1562
33130, 1492, 1635, 1361, 1413, 1391, 1405, 1581, 1476, 1448, 1595, 1500, 1554, 1450, 1410, 1625, 1639, 1457, 1554
33179, 1485, 1635, 1362, 1410, 1396, 1402, 1590, 1469, 1453, 1593, 1512, 1543, 1453, 1414, 1618, 1639, 1460, 1545
33228, 1477, 1634, 1362, 1407, 1403, 1399, 1598, 1461, 1457, 1591, 1525, 1532, 1456, 1418, 1611, 1638, 1462, 1536
33277, 1470, 1634, 1363, 1404, 1409, 1396, 1606, 1454, 1462, 1589, 1537, 1521, 1458, 1423, 1602, 1636, 1465, 1527
33325, 1462, 1633, 1364, 1401, 1416, 1393, 1613, 1446, 1467, 1586, 1549, 1500, 1461, 1428, 1593, 1633, 1467, 1518
33374, 1455, 1632, 1365, 1398, 1423, 1391, 1619, 1439, 1471, 1584, 1561, 1487, 1464, 1433, 1583, 1629, 1470, 1500
33422, 1448, 1631, 1366, 1395, 1431, 1388, 1625, 1432, 1476, 1582, 1572, 1475, 1467, 1438, 1572, 1624, 1473, 1491
33471, 1441, 1631, 1368, 1392, 1439, 1386, 1629, 1425, 1481, 1579, 1583, 1463, 1470, 1443, 1561, 1619, 1475, 1483
33520, 1434, 1630, 1369, 1390, 1447, 1384, 1633, 1419, 1485, 1577, 1592, 1451, 1473, 1448, 1549, 1612, 1478, 1476
33569, 1428, 1629, 1371, 1387, 1455, 1381, 1636, 1413, 1490, 1574, 1602, 1439, 1476, 1453, 1536, 1605, 1481, 1468
33618, 1421, 1628, 1372, 1384, 1464, 1379, 1638, 1407, 1495, 1572, 1610, 1429, 1479, 1458, 1524, 1597, 1484, 1460
33666, 1415, 1627, 1374, 1382, 1472, 1377, 1639, 1401, 1500, 1569, 1617, 1418, 1482, 1464, 1500, 1588, 1486, 1452
33715, 1409, 1626, 1376, 1380, 1481, 1375, 1639, 1396, 1504, 1567, 1624, 1408, 1485, 1469, 1488, 1579, 1489, 1445
33763, 1403, 1625, 1378, 1378, 1490, 1374, 1639, 1391, 1509, 1564, 1629, 1399, 1488, 1475, 1476, 1570, 1492, 1437
33812, 1398, 1624, 1380, 1376, 1500, 1372, 1637, 1386, 1514, 1562, 1633, 1391, 1491, 1480, 1465, 1559, 1494, 1430
33860, 1393, 1623, 1382, 1374, 1508, 1370, 1634, 1381, 1519, 1559, 1636, 1384, 1494, 1486, 1453, 1549, 1497, 1424
33910, 1388, 1622, 1385, 1372, 1517, 1369, 1631, 1377, 1523, 1557, 1638, 1377, 1497, 1491, 1442, 1538, 1500, 1417
33959, 1384, 1621, 1387, 1370, 1525, 1367, 1627, 1374, 1528, 1554, 1639, 1372, 1500, 1500, 1432, 1526, 1503, 1411
34007, 1380, 1620, 1389, 1369, 1534, 1366, 1621, 1371, 1533, 1551, 1639, 1367, 1503, 1507, 1422, 1515, 1505, 1405
34056, 1376, 1618, 1392, 1367, 1542, 1365, 1615, 1368, 1537, 1548, 1638, 1364, 1506, 1515, 1412, 1500, 1508, 1399
34104, 1373, 1617, 1395, 1366, 1550, 1364, 1609, 1365, 1542, 1546, 1635, 1361, 1509, 1523, 1404, 1488, 1511, 1393
34153, 1370, 1616, 1397, 1365, 1558, 1363, 1601, 1363, 1546, 1543, 1632, 1360, 1512, 1531, 1395, 1477, 1513, 1388
34201, 1367, 1614, 1400, 1364, 1566, 1362, 1593, 1362, 1551, 1540, 1627, 1360, 1515, 1539, 1388, 1466, 1516, 1384
34251, 1365, 1613, 1403, 1363, 1573, 1361, 1584, 1361, 1555, 1537, 1621, 1360, 1518, 1546, 1381, 1455, 1519, 1379
34300, 1363, 1612, 1406, 1362, 1580, 1361, 1575, 1360, 1559, 1535, 1615, 1362, 1521, 1554, 1375, 1445, 1522, 1375
34348, 1361, 1610, 1409, 1361, 1587, 1360, 1565, 1360, 1564, 1532, 1607, 1365, 1524, 1561, 1370, 1435, 1524, 1372
34397, 1360, 1609, 1412, 1361, 1594, 1360, 1554, 1360, 1568, 1529, 1598, 1369, 1527, 1568, 1366, 1425, 1527, 1369
34445, 1360, 1607, 1416, 1360, 1600, 1360, 1544, 1360, 1572, 1526, 1589, 1374, 1530, 1575, 1363, 1416, 1530, 1366
34494, 1360, 1606, 1419, 1360, 1606, 1360, 1533, 1361, 1576, 1523, 1579, 1381, 1533, 1582, 1361, 1407, 1532, 1364
34542, 1360, 1604, 1422, 1360, 1611, 1360, 1522, 1363, 1580, 1520, 1568, 1388, 1536, 1588, 1360, 1399, 1535, 1362
34592, 1360, 1603, 1426, 1360, 1616, 1360, 1500, 1364, 1584, 1517, 1557, 1395, 1539, 1594, 1360, 1391, 1537, 1361
34640, 1361, 1601, 1429, 1360, 1621, 1360, 1489, 1367, 1588, 1514, 1545, 1404, 1542, 1600, 1360, 1385, 1540, 1360
34689, 1363, 1600, 1433, 1360, 1625, 1360, 1478, 1369, 1591, 1512, 1533, 1414, 1545, 1605, 1362, 1378, 1543, 1360
34738, 1364, 1598, 1436, 1360, 1628, 1361, 1467, 1373, 1595, 1509, 1520, 1424, 1548, 1610, 1365, 1373, 1545, 1360
34786, 1367, 1596, 1440, 1360, 1632, 1361, 1457, 1376, 1598, 1506, 1508, 1434, 1550, 1615, 1368, 1369, 1548, 1360
34835, 1369, 1595, 1444, 1361, 1634, 1362, 1447, 1380, 1601, 1503, 1495, 1446, 1553, 1619, 1373, 1365, 1550, 1361
34883, 1372, 1593, 1448, 1362, 1636, 1363, 1437, 1384, 1605, 1500, 1482, 1457, 1556, 1623, 1379, 1362, 1553, 1363
34933, 1376, 1591, 1451, 1362, 1638, 1363, 1427, 1389, 1608, 1497, 1470, 1469, 1559, 1627, 1385, 1361, 1555, 1364
34981, 1379, 1590, 1455, 1363, 1639, 1364, 1418, 1394, 1611, 1494, 1457, 1481, 1561, 1630, 1392, 1360, 1558, 1367
35030, 1383, 1588, 1459, 1364, 1639, 1366, 1409, 1399, 1614, 1491, 1446, 1494, 1564, 1632, 1400, 1360, 1560, 1369
35079, 1388, 1586, 1463, 1366, 1639, 1367, 1401, 1404, 1616, 1488, 1434, 1506, 1567, 1635, 1409, 1360, 1563, 1373
35127, 1392, 1584, 1467, 1367, 1639, 1368, 1394, 1410, 1619, 1485, 1423, 1519, 1569, 1637, 1418, 1362, 1565, 1376
35176, 1397, 1582, 1471, 1368, 1638, 1370, 1387, 1416, 1621, 1482, 1413, 1531, 1572, 1638, 1428, 1365, 1568, 1380
35224, 1403, 1580, 1475, 1370, 1636, 1371, 1381, 1423, 1623, 1480, 1403, 1543, 1575, 1639, 1438, 1368, 1570, 1385
35273, 1408, 1579, 1479, 1372, 1634, 1373, 1376, 1430, 1626, 1477, 1394, 1554, 1577, 1639, 1449, 1373, 1572, 1389
35322, 1414, 1577, 1483, 1373, 1631, 1374, 1371, 1436, 1628, 1474, 1386, 1565, 1580, 1639, 1460, 1378, 1575, 1395
35371, 1420, 1575, 1487, 1375, 1628, 1376, 1367, 1443, 1629, 1471, 1379, 1576, 1582, 1639, 1471, 1384, 1577, 1400
35419, 1427, 1573, 1491, 1377, 1625, 1378, 1364, 1451, 1631, 1468, 1373, 1586, 1585, 1638, 1483, 1390, 1579, 1406
35468, 1433, 1571, 1495, 1379, 1621, 1380, 1362, 1458, 1633, 1465, 1368, 1596, 1587, 1637, 1495, 1398, 1581, 1412
35517, 1440, 1569, 1500, 1381, 1616, 1383, 1360, 1466, 1634, 1462, 1365, 1604, 1589, 1635, 1506, 1406, 1584, 1418
35565, 1447, 1567, 1503, 1384, 1611, 1385, 1360, 1473, 1635, 1460, 1362, 1612, 1592, 1633, 1518, 1415, 1586, 1425
35614, 1454, 1565, 1507, 1386, 1606, 1387, 1360, 1481, 1636, 1457, 1360, 1619, 1594, 1630, 1530, 1424, 1588, 1432
35663, 1461, 1563, 1511, 1389, 1600, 1390, 1361, 1489, 1637, 1454, 1360, 1625, 1596, 1627, 1541, 1433, 1590, 1439
35712, 1469, 1560, 1515, 1391, 1594, 1392, 1363, 1496, 1638, 1451, 1360, 1630, 1598, 1624, 1552, 1444, 1592, 1447
35760, 1476, 1558, 1519, 1394, 1587, 1395, 1365, 1504, 1639, 1449, 1362, 1634, 1600, 1620, 1563, 1454, 1594, 1454
35809, 1484, 1556, 1523, 1397, 1580, 1397, 1369, 1512, 1639, 1446, 1365, 1637, 1602, 1616, 1573, 1465, 1596, 1462
35858, 1491, 1554, 1527, 1400, 1573, 1400, 1373, 1520, 1639, 1443, 1369, 1639, 1604, 1611, 1583, 1476, 1598, 1470
35906, 1500, 1552, 1531, 1403, 1565, 1403, 1378, 1527, 1639, 1441, 1374, 1639, 1606, 1606, 1592, 1487, 1600, 1477
35955, 1507, 1550, 1535, 1406, 1558, 1406, 1384, 1535, 1639, 1438, 1380, 1639, 1608, 1601, 1600, 1498, 1602, 1485
36004, 1515, 1548, 1539, 1409, 1550, 1409, 1391, 1542, 1639, 1435, 1387, 1638, 1610, 1595, 1608, 1509, 1604, 1493
36053, 1522, 1546, 1542, 1412, 1542, 1412, 1398, 1550, 1639, 1433, 1395, 1635, 1612, 1589, 1615, 1521, 1605, 1501
36101, 1530, 1543, 1546, 1416, 1533, 1415, 1406, 1557, 1638, 1430, 1404, 1632, 1614, 1583, 1621, 1532, 1607, 1509
36150, 1537, 1541, 1550, 1419, 1525, 1419, 1414, 1564, 1638, 1428, 1414, 1627, 1615, 1576, 1627, 1543, 1609, 1517
36199, 1545, 1539, 1554, 1423, 1516, 1422, 1423, 1571, 1637, 1425, 1424, 1621, 1617, 1570, 1631, 1553, 1611, 1525
36247, 1552, 1537, 1557, 1426, 1508, 1425, 1432, 1577, 1636, 1423, 1435, 1615, 1619, 1563, 1635, 1563, 1612, 1533
36296, 1559, 1534, 1561, 1430, 1499, 1429, 1442, 1584, 1635, 1420, 1447, 1607, 1620, 1555, 1637, 1573, 1614, 1541
36345, 1565, 1532, 1564, 1434, 1490, 1432, 1452, 1590, 1633, 1418, 1459, 1599, 1622, 1548, 1639, 1582, 1615, 1549
36394, 1572, 1530, 1568, 1437, 1482, 1436, 1462, 1596, 1632, 1416, 1471, 1590, 1623, 1540, 1639, 1591, 1617, 1556
36442, 1579, 1528, 1571, 1441, 1473, 1439, 1473, 1601, 1630, 1413, 1483, 1580, 1625, 1533, 1639, 1599, 1618, 1563
36491, 1585, 1525, 1575, 1445, 1465, 1443, 1484, 1606, 1628, 1411, 1500, 1570, 1626, 1525, 1638, 1607, 1620, 1570
36539, 1591, 1523, 1578, 1449, 1457, 1447, 1494, 1611, 1627, 1409, 1511, 1559, 1627, 1517, 1635, 1614, 1621, 1577
36588, 1596, 1521, 1581, 1453, 1448, 1451, 1505, 1616, 1624, 1407, 1522, 1547, 1628, 1509, 1632, 1620, 1622, 1584
36637, 1602, 1519, 1584, 1457, 1441, 1454, 1516, 1620, 1622, 1404, 1533, 1535, 1630, 1501, 1628, 1625, 1624, 1590
36686, 1607, 1516, 1588, 1461, 1433, 1458, 1527, 1624, 1620, 1402, 1544, 1523, 1631, 1493, 1623, 1630, 1625, 1596
36735, 1611, 1514, 1591, 1465, 1425, 1462, 1537, 1627, 1617, 1400, 1554, 1500, 1632, 1485, 1617, 1633, 1626, 1602
36783, 1616, 1512, 1594, 1469, 1418, 1466, 1548, 1630, 1615, 1398, 1564, 1487, 1633, 1477, 1610, 1636, 1627, 1607
36832, 1620, 1509, 1596, 1473, 1411, 1470, 1558, 1633, 1612, 1396, 1574, 1475, 1634, 1470, 1603, 1638, 1628, 1612
36880, 1624, 1507, 1599, 1477, 1405, 1474, 1568, 1635, 1609, 1394, 1583, 1463, 1634, 1462, 1594, 1639, 1629, 1616
36929, 1627, 1505, 1602, 1481, 1399, 1478, 1577, 1637, 1606, 1392, 1592, 1451, 1635, 1454, 1585, 1639, 1630, 1621
36977, 1630, 1502, 1605, 1486, 1393, 1482, 1586, 1638, 1603, 1390, 1600, 1440, 1636, 1447, 1576, 1639, 1631, 1624
37027, 1633, 1500, 1607, 1490, 1387, 1486, 1594, 1639, 1600, 1389, 1608, 1429, 1637, 1439, 1566, 1637, 1632, 1628
37076, 1635, 1496, 1610, 1494, 1382, 1490, 1602, 1639, 1596, 1387, 1615, 1419, 1637, 1432, 1555, 1635, 1633, 1631
37124, 1637, 1492, 1612, 1498, 1378, 1494, 1609, 1639, 1593, 1385, 1621, 1409, 1638, 1426, 1544, 1631, 1634, 1633
37173, 1638, 1489, 1614, 1503, 1374, 1500, 1615, 1639, 1589, 1384, 1626, 1400, 1638, 1419, 1533, 1627, 1635, 1636
37221, 1639, 1485, 1617, 1507, 1370, 1503, 1621, 1638, 1585, 1382, 1630, 1392, 1639, 1412, 1521, 1622, 1635, 1637
37270, 1639, 1482, 1619, 1511, 1367, 1507, 1626, 1637, 1582, 1380, 1634, 1384, 1639, 1406, 1500, 1616, 1636, 1638
37318, 1639, 1478, 1621, 1515, 1365, 1511, 1630, 1635, 1578, 1379, 1637, 1378, 1639, 1401, 1489, 1609, 1637, 1639
37368, 1639, 1475, 1623, 1519, 1363, 1514, 1634, 1633, 1574, 1377, 1638, 1372, 1639, 1395, 1478, 1602, 1637, 1639
37417, 1638, 1471, 1625, 1523, 1361, 1518, 1636, 1631, 1570, 1376, 1639, 1367, 1639, 1390, 1467, 1594, 1638, 1639
37465, 1637, 1468, 1626, 1528, 1360, 1521, 1638, 1628, 1566, 1375, 1639, 1364, 1639, 1385, 1456, 1585, 1638, 1639
37514, 1636, 1464, 1628, 1532, 1360, 1525, 1639, 1624, 1561, 1373, 1639, 1361, 1639, 1381, 1446, 1576, 1638, 1638
37562, 1634, 1461, 1629, 1536, 1360, 1529, 1639, 1621, 1557, 1372, 1637, 1360, 1639, 1377, 1436, 1567, 1639, 1636
37611, 1632, 1457, 1631, 1540, 1360, 1532, 1639, 1617, 1553, 1371, 1634, 1360, 1639, 1373, 1426, 1557, 1639, 1634
37659, 1629, 1454, 1632, 1544, 1361, 1536, 1637, 1612, 1548, 1370, 1631, 1360, 1639, 1370, 1417, 1546, 1639, 1632
37709, 1626, 1451, 1633, 1548, 1363, 1539, 1635, 1607, 1544, 1369, 1626, 1362, 1639, 1367, 1409, 1535, 1639, 1629
37758, 1622, 1447, 1635, 1552, 1365, 1543, 1632, 1602, 1539, 1368, 1621, 1365, 1639, 1365, 1401, 1524, 1639, 1626
37806, 1618, 1444, 1636, 1556, 1368, 1546, 1628, 1597, 1535, 1367, 1615, 1369, 1638, 1363, 1393, 1513, 1639, 1622
37855, 1614, 1441, 1636, 1560, 1371, 1550, 1623, 1591, 1530, 1366, 1608, 1374, 1638, 1361, 1386, 1500, 1639, 1618
37903, 1610, 1438, 1637, 1563, 1374, 1553, 1618, 1585, 1525, 1365, 1601, 1379, 1637, 1360, 1380, 1488, 1639, 1613
37952, 1605, 1434, 1638, 1567, 1379, 1557, 1611, 1579, 1521, 1364, 1593, 1386, 1637, 1360, 1375, 1477, 1639, 1608
38000, 1600, 1431, 1638, 1571, 1383, 1560, 1605, 1572, 1516, 1364, 1584, 1394, 1636, 1360, 1370, 1466, 1639, 1603
38050, 1594, 1428, 1639, 1574, 1388, 1563, 1597, 1565, 1511, 1363, 1575, 1402, 1635, 1360, 1366, 1455, 1639, 1598
38099, 1588, 1425, 1639, 1578, 1394, 1567, 1589, 1558, 1506, 1362, 1565, 1412, 1634, 1361, 1363, 1445, 1639, 1592
38147, 1582, 1422, 1639, 1581, 1400, 1570, 1580, 1551, 1500, 1362, 1555, 1421, 1634, 1362, 1361, 1435, 1638, 1585
38196, 1576, 1419, 1639, 1585, 1406, 1573, 1571, 1544, 1495, 1361, 1545, 1432, 1633, 1363, 1360, 1425, 1638, 1579
38244, 1570, 1416, 1639, 1588, 1412, 1576, 1562, 1536, 1491, 1361, 1534, 1443, 1632, 1366, 1360, 1416, 1638, 1572
38293, 1563, 1414, 1639, 1591, 1419, 1579, 1552, 1529, 1487, 1360, 1523, 1454, 1631, 1368, 1360, 1407, 1637, 1565
38341, 1556, 1411, 1639, 1594, 1426, 1582, 1542, 1521, 1483, 1360, 1512, 1466, 1630, 1371, 1361, 1399, 1637, 1558
38391, 1549, 1408, 1639, 1597, 1434, 1585, 1531, 1514, 1479, 1360, 1501, 1478, 1628, 1374, 1363, 1392, 1636, 1551
38439, 1542, 1405, 1638, 1600, 1442, 1588, 1520, 1500, 1475, 1360, 1489, 1491, 1627, 1378, 1366, 1385, 1635, 1543
38488, 1534, 1403, 1638, 1603, 1450, 1591, 1500, 1491, 1471, 1360, 1478, 1503, 1626, 1382, 1370, 1379, 1635, 1535
38537, 1527, 1400, 1637, 1606, 1458, 1593, 1487, 1483, 1467, 1360, 1467, 1515, 1625, 1387, 1375, 1374, 1634, 1528
38585, 1519, 1398, 1636, 1609, 1466, 1596, 1474, 1474, 1463, 1360, 1456, 1527, 1623, 1392, 1380, 1369, 1633, 1520
38634, 1512, 1395, 1635, 1611, 1475, 1599, 1461, 1466, 1459, 1360, 1446, 1539, 1622, 1397, 1386, 1365, 1632, 1512
38682, 1504, 1393, 1634, 1614, 1483, 1601, 1449, 1458, 1455, 1360, 1436, 1551, 1620, 1403, 1393, 1363, 1632, 1500
38732, 1496, 1391, 1633, 1616, 1500, 1604, 1437, 1450, 1451, 1360, 1426, 1562, 1619, 1409, 1400, 1361, 1631, 1491
38780, 1489, 1388, 1632, 1618, 1507, 1606, 1426, 1442, 1447, 1360, 1416, 1573, 1617, 1415, 1408, 1360, 1630, 1483
38829, 1481, 1386, 1631, 1621, 1514, 1609, 1416, 1434, 1443, 1360, 1408, 1583, 1616, 1421, 1417, 1360, 1629, 1474
38878, 1474, 1384, 1629, 1623, 1521, 1611, 1406, 1427, 1439, 1361, 1400, 1593, 1614, 1428, 1426, 1360, 1628, 1466
38926, 1466, 1382, 1628, 1625, 1529, 1613, 1397, 1420, 1435, 1361, 1392, 1601, 1612, 1435, 1436, 1362, 1626, 1458
38975, 1459, 1380, 1626, 1626, 1536, 1615, 1388, 1413, 1432, 1362, 1385, 1609, 1610, 1442, 1445, 1365, 1625, 1450
39023, 1452, 1379, 1624, 1628, 1543, 1617, 1381, 1406, 1428, 1362, 1379, 1617, 1608, 1449, 1456, 1368, 1624, 1442
39073, 1445, 1377, 1623, 1630, 1550, 1619, 1375, 1400, 1425, 1363, 1374, 1623, 1606, 1457, 1466, 1372, 1623, 1434
39121, 1438, 1375, 1621, 1631, 1556, 1621, 1369, 1395, 1421, 1363, 1369, 1628, 1604, 1465, 1477, 1377, 1621, 1427
39170, 1431, 1374, 1619, 1633, 1563, 1623, 1365, 1389, 1418, 1364, 1365, 1633, 1602, 1472, 1488, 1383, 1620, 1419
39219, 1424, 1372, 1616, 1634, 1569, 1625, 1362, 1384, 1414, 1365, 1363, 1636, 1600, 1480, 1499, 1390, 1619, 1413
39267, 1418, 1371, 1614, 1635, 1576, 1626, 1360, 1379, 1411, 1366, 1361, 1638, 1598, 1488, 1510, 1397, 1617, 1406
39316, 1412, 1369, 1612, 1636, 1582, 1628, 1360, 1375, 1408, 1367, 1360, 1639, 1596, 1500, 1521, 1405, 1616, 1400
